,날짜,기사제목,기사내용
0,2020.06.16. 오전 11:01,부산장애인연합회장 허위 직원 등재해 공금 3억여원 빼돌려,"			경찰 불구속 송치…횡령·장애인고용법 위반 혐의도 받아장애인단체 ""공금으로 대의원 관리…10년 넘게 장기 집권"" 부산경찰청[촬영 조정호]    (부산=연합뉴스) 김선호 기자 = 조창용 부산장애인총연합회장이 수년간 허위로 직원을 등재시키는 수법 등으로 3억원이 넘는 공금을 빼돌린 혐의 등으로 검찰에 넘겨졌다.    부산경찰청 광역수사대는 최근 배임·업무상 횡령·장애인고용법 위반 혐의로 조 회장을 불구속 기소 의견으로 검찰에 송치했다고 16일 밝혔다.    경찰에 따르면 조 회장은 2017년 6월부터 지난해 말까지 산하단체인 한국장애인기업협회 부산지부에 허위로 직원을 등재시킨 뒤 지급한 급여 3억여원을 빼돌려 이사나 대의원 등에게 전달한 혐의를 받고 있다.    조 회장은 이런 돈으로 평소 대의원 70∼80여명으로 구성된 선거인단을 관리하고 10년 넘게 회장직을 유지하며 부산 장애인단체의 권력자로 장기 집권해왔다는 것이 장애인단체 등의 전언이다.    조 회장은 2015년 4월과 6월에 한국장애인기업협회 부산지부 법인자금으로 직원에게 추석 상여금으로 돈을 주고 이를 되돌려받는 수법으로 3차례에 걸쳐 3천만∼4천만원을 가로챈 혐의도 받는다.    조 회장은 장애인을 고용할 때 지원받는 장려금도 빼돌린 혐의를 받는다.    그는 2014년 9월부터 2016년 2월까지 부산장애인총연합회에 가상의 장애인을 용역 직원으로 등재시켜 급여를 지급하고 장애인고용공단으로부터 720여만원의 고용장려금을 받은 혐의다.공금 횡령 (PG)[제작 조혜인] 일러스트    장애인고용장려금은 공익적인 목적을 위해 사용해야 하지만 조 회장은 유흥비 등으로 사용한 것으로 알려졌다.    경찰은 이 같은 사실이 드러나자 장애인고용공단에 행정 통보했고, 현재 부산장애인총연합회에 대한 고용장려금 지급이 전면 중단된 상태다.    지난해 첩보를 입수해 수사에 착수한 경찰은 조 회장이 방만하게 법인을 운영하는 점을 파악하고 회장직을 이용한 횡령·배임 등의 혐의를 밝혀냈다.    조 회장은 현재 자신이 회장으로 있는 부산장애인총연합회, 한국장애인기업협회 부산지부, 부산장애인기업총연합회 등 3개 법인 명의로 10여년간 부산교통공사와 입찰 또는 수의계약 형태로 지하철 청소용역사업을 해오고 있다.    1개 단체당 용역비는 15억원 정도로 조 회장이 대표로 있는 3개 단체의 연간 용역비는 50억원에 육박하는 셈이다.    경찰은 애초 조 회장의 부산지하철 청소용역사업 전반에 대한 수사도 진행했으나 이번 검찰 송치 때는 이 부분에 대한 혐의는 포함되지 않은 것으로 알려졌다. wink@yna.co.kr▶코로나19 속보는 네이버 연합뉴스에서 [구독 클릭]▶[팩트체크] 초등생 성폭행하고도 여자라서 무죄？▶제보하기"
1,2020.06.10. 오후 6:54,[기고] 노령 장애인 외면하는 장애인활동보조인 제도,"이성심 ㈔한국뇌성마비복지회 부산지회 전 사무국장장애인활동보조인에서 ‘노인장기요양보험’으로 전환되는 제도가 가진 문제점을 이야기하려 한다.한국 사회에선 6~70년대까지만 해도 장애인이라는 명칭을 쓰지 않고 인격 모독적인 표현이 일상적이었다. 장애인에 대한 편견도 말할 것 없었다.하지만 지금 장애인은 놀라울 만큼 바뀐 신세계에 살고 있다고 할 수 있다. 지난 반세기 동안 장애인 인권을 위해 일한 많은 사람의 땀과 헌신 덕분에 장애인은 그나마 현 수준으로 비장애인과 동등하게 세상을 살고 있다.그동안 달라진 점을 아주 많다. 특히 이동 수단이 대표적인 예다. 20년 전만 해도 이동 수단이라곤 수동 휠체어밖에 없었기 때문에 바깥에 외출하려면 반드시 휠체어를 밀어주는 동행인이 있어야 했다. 하지만 현재는 전동휠체어가 보급되고 있어, 손만 움직일 수 있으면 얼마든지 외출할 수 있다. 공공 교통 및 이동 수단 또한 아주 편리해졌다. 교통약자 콜택시 두리발을 이용하면 비가 와도 이동하는데도 불편하지 않다. 또 대다수 지하철역마다 엘리베이터가 설치되어 있어 출입하는데도 어려움이 줄었다.그러나 이렇게 편리해진 장애인의 일상생활 속에서도 아직 제도적으로 개선해야 할 점이 있다. 바로 나이에 따라 활동보조인 지원 시간이 갑자기 줄어드는 활동보조인 제도다. 장애인활동보조인 제도는 지난 반세기 동안 우리 장애인들에게 가장 획기적인 복지 제도로 손꼽을 수 있다. 정부에서 장애 정도에 따라 한 달에 최소 60시간에서 최대 480시간의 활동 지원 서비스를 제공한다. 지자체 따라서 다르지만, 부산은 추가 지원이 한 달에 최대 44시간까지 쓸 수 있다.문제는 나이 제한이다. 법적으로 노인으로 분류되는 장애인, 이른바 노령 장애인이 되면 수백 시간에 이르는 활동보조인 지원을 받지 못하게 된다. 해당 제도가 활동 지원 서비스 자격을 ‘만 65세 미만 노인이 아닌 자’로 못 박고 있기 때문이다. 만 65세 이상부터는 장애인활동보조인 제도에서 ‘노인장기요양보험’으로 넘어가게 된다. 이 경우 한 달에 최대 120시간의 실내 신체 활동·가사 지원 서비스를 받을 수 있다. 120시간이면, 하루 4시간이다.비장애인도 나이가 들면 신체 기능이 저하되고, 점점 모든 활동이 힘들어진다. 장애인은 비장애인보다 몇 배나 신체 기능이 떨어져, 특히 독거 장애인은 하루 4시간 활동보조인 지원만으로 일상생활이 불가능하다. 이건 복지 역행이다. 장애인 생활은 나이를 이유로 6~70년대 수준으로 되돌아가는 셈이다. 복지부가 이 정책 허점을 개선해줘야 한다. 만 65세가 되어도 동일한 활동보조인 지원 시간을 받게 해야 한다. 특히 냉장고에서 물 한잔도 꺼내 마시지 못하는 중증 장애인은 하루 4시간 도우미가 방문하고 나면 어떻게 해야 하나. 식사는 어떻게 하며 또 신변 처리는 어떻게 해야 할지 아득하다.독거 장애인이 아닌 경우라고 할지라도 상황은 독거 장애인과 비슷하다. 부모와 함께 거주한다 해도 장애인 본인 나이가 만 65세면 부모의 연세는 구순에 가깝다. 부모가 자식들의 돌봄을 받아야 할 연세가 아닌가? 앞에서 언급했듯이 신체 기능이 점차 떨어지면 활동보조인 지원 시간을 오히려 늘려줘야 함에도, 단지 나이를 기준으로 ‘노인장기요양보험’으로 전환시키는 제도는 독거 중증장애인들을 사지로 내모는 것이다. 정부는 반드시 이를 바로잡아 장애인이 나이가 들더라도 안심하고 생활할 수 있게 해야 한다.이 글을 적고 있는 필자도 뇌병변 중증장애인이다. 필자 역시 집에 혼자 있을 때 목이 말라도 냉장고에 있는 물 한 컵도 못 꺼내 마실 뿐더러, 라면 하나 못 끓여 먹는 처지다. 장애인 중 만 65살이 되는 장애인 수는 지속해서 늘고 있다. 역주행하고 있는 복지제도를 올바른 방향으로 바로 잡길 정부에 다시 한번 호소한다.▶ 네이버에서 부산일보 구독하기 클릭!▶ '터치 부산' 앱 출시, 부산일보 지면을 내 손 안에!▶ 부산일보 홈 바로가기"
2,2020.06.14. 오후 1:35,부산 ‘두리발’은 코로나19 상대로 ‘신의 한수’였다,"부산역 비상수송반 거쳐 간 해외유입자 12일 1만명 돌파운휴 장애인이동차량 두리발 긴급수송 투입 … 2차 감염 차단 성공부산역에서 해외입국자 수송을 위해 대기중인 두리발.[아시아경제 영남취재본부 김용우 기자] 신종 코로나바이러스감염증(코로나19)의 해외유입 차단 작전을 전개한 이후 부산역을 거쳐 간 해외입국자가 1만명을 돌파했다.부산시는 해외유입 발(發) 코로나19 감염 차단을 위해 부산역에 비상수송지원반을 운영한 지 76일째인 12일 부산역 비상지원반을 경유한 해외입국자가 1만명을 돌파했다고 14일 밝혔다.시는 지난 3월 28일부터 부산역 유라시아 플랫폼에 비상수송지원반을 설치·운영하고 있으며 해외입국자 수송과 이동경로 관리를 해왔다. 비상지원반은 국토부와 철도경찰, 선별진료소 및 자가격리시설(라마다호텔)과 협업체계를 구축해 해외입국자 자가격리 전반에 대한 컨트롤타워 역할을 했다.12일까지 해외에서 입국한 사람은 1만70명으로 이 중 두리발 이용 수송 인원은 6466명, 자가용 이용 수송 인원은 3070명, 구급차나 도보 이동 등 기타 수송 인원은 534명이다. 비상수송지원반 운영을 위해 부산시 직원 888명, 시설공단 직원 230명, 두리발 운전기사 1280명, 경찰 584명, 철도경찰 152명 등 총 3134명이 투입됐다.지난 4월 7일부터는 해외입국자의 안전확보를 위해 부산역에 선별진료소를 설치, 12일 기준 7388명에 대해 즉각적인 코로나19 검진을 했다. 부산역 인근에 운영 중인 자가격리시설 라마다호텔은 총 446명이 이용했으며 현재 284명이 자가격리 중이다.지금까지 부산역을 경유한 해외입국자 중 13명이 확진 판정을 받았으나 철저한 방역과 입국자 간 거리두기, 직원들의 개인위생 관리로 2차 감염자가 단 1명도 없었다는 점은 국내외적으로 좋은 평가를 받고 있다.특히 코로나19로 운행이 줄어든 장애인 등 교통약자 전용차량인 두리발을 해외입국자 수송에 과감하게 투입해 주목을 받았다. 이 사례는 중앙재해대책본부에서 전국 지방자치단체를 대상으로 2회에 걸쳐 모범사례로 소개됐다. 방송 프로그램에서도 다룰 정도로 좋은 아이디어로 평가됐다.비상수송지원반 운영에 장애인들의 교통수단인 두리발 차량을 이용하는 것을 두고 반대 의견도 있었으나 세계적 재난인 코로나19를 대승적으로 극복하고자 함께 뜻을 모았다는 것은 박수를 받아 마땅했다.별도 예산을 투입해 입국자 수송을 전담할 경우 6개월간 5억원의 예산이 소요될 것으로 추정됐지만 부산시는 부산시설공단의 인력과 두리발 운휴 차량을 활용해 예산 절감 효과를 톡톡히 본 셈이다. 부산시도 이에 화답해 2020년 두리발 신규 차량 21대를 조기에 제작해 교통약자의 이동권 보장 업무에 최선을 다한다는 계획이다.변성완 부산시장 권한대행은 “국외에서 부산으로 들어오는 시민들이 1만명을 넘어가고 있는 상황에서 계속해서 방심하지 않고 시민들을 자택까지 끝까지 안전하게 귀가시켜드리겠다”면서 “해외유입을 통한 감염을 완전히 차단해 코로나19 사태가 하루빨리 종식될 수 있도록 시의 모든 역량을 쏟고 있다”고 말했다.영남취재본부 김용우 기자 kimpro7777@asiae.co.kr▶ 2020년 하반기, 재물운·연애운·건강운 체크!▶ 네이버에서 아시아경제 뉴스를 받아보세요 ▶ 놀 준비 되었다면 드루와!  드링킷!<ⓒ경제를 보는 눈, 세계를 보는 창 아시아경제 무단전재 배포금지>		"
3,2020.06.15. 오후 2:17,불타는 승용차 의식 잃은 장애인 운전자 시민들이 구했다,"교통사고로 불이 난 차량에 갇힌 60대를 구한 시민들이 경찰 표창장을 받는 모습. 부산 사상경찰서 제공부산에서 교통사고 이후 승용차에 있던 60대 운전자를 구조한 시민들이 경찰 표창장을 받았다. 장애가 있는 운전자는 사고 당시 불이 난 차량에 의식을 잃은 채 갇혀 있었다.부산 사상경찰서는 교통사고로 불이 난 차량에 갇힌 60대 남성 A 씨를 구조한 40대 남성 B 씨, 20대 여성 C 씨에게 표창장을 수여했다고 15일 밝혔다.경찰에 따르면 지난 9일 오후 10시 40분께 부산 사상구 주례동 한 고가도로 인근에서 A 씨가 운전하던 아반떼 차량이 교각에 부딪혔다. 엔진룸에서 화재가 발생했지만, 장애가 있는 A 씨는 사고 충격으로 의식을 잃은 뒤 차량에 갇혀 있었다.지난 9일 의족 착용 60대부산 주례 고가도로 교각 충돌가게 주인·행인·배달원…소화기로 불 끄고 무사히 구조사고 이후 주변에 있던 시민들은 A 씨 구조에 나섰다. 사고 현장 인근에서 커피전문점을 운영하던 B 씨는 가게에 있던 소화기를 들고 뛰쳐나가 불을 잡았다.횡단보도를 건너던 C 씨는 주변 시민들을 모아 운전자를 차량 밖으로 꺼내기도 했다. 병원에서 상담 업무를 하는 C 씨는 응급조치도 진행했다.A 씨를 차량 밖으로 옮긴 시민들은 편의점에서 소화기를 빌려와 차량에 난 불을 모두 껐다. 사고 당시 B 씨와 C 씨 외에도 헬멧을 쓴 배달원과 고등학생 등이 힘을 더했던 것으로 알려졌다.경찰은 당시 병원으로 옮겨진 A 씨가 현재 건강을 회복하고 있다고 밝혔다. C 씨는 “제가 아닌 누구라도 그랬을 것”이라고 경찰에 소감을 밝혔다.이우영 기자 verdad@busan.com▶ 네이버에서 부산일보 구독하기 클릭!▶ '터치 부산' 앱 출시, 부산일보 지면을 내 손 안에!▶ 부산일보 홈 바로가기"
4,2020.06.24. 오후 2:23,"""시민이 중심이 되는 정치문법"" 박인영 부산시의회 의장","제8대 부산시의회 전반기 의장 마무리 ""서운함 보다는 후련함""40대·여성·초선·민주당 등 최초 수식어...""의회 문턱 낮추는 데 도움됐다면 만족""""후반기에는 평의원으로 돌아가 시민 삶 속의 정치 해보고싶다""""최종 목표는 누가 봐도 '잘하는 정치인'""[부산CBS 박중석 기자]박인영 부산시의회 의장. (사진=자료사진)""서운함보다는 후련함이 큽니다. 1분 1초도 허투루 쓰지 않았다고 생각합니다. 매 순간 정말 최선을 다했기에 모든 걸 완전히 불태운 후 느끼는 고요함 같은 게 있습니다""제8대 부산시의회 전반기를 마무리하는 시점에서 박인영 의장은 자신이 걸어온 길을 되돌아보면 '부산'이 남는다고 말한다. ""보람을 느끼는 순간도, 힘에 부치는 일들도 많았습니다. 수많은 일들과 다양한 사건들을 돌이켜 보니, 딱 하나가 남아 있었습니다. 그것은 부산이었습니다. 예전과는 다른 차원의 부산에 대한 애정이 생겼습니다""'40대', '여성', '초선', '민주당' 등  박 의장은 '최초'라는 수식어를 한 아름 안고 2년이라는 시간을 보냈다. 그는 부담보다는 의회의 문턱을 낮추는 데 도움이 된 것으로 만족한다고 했다. ""제8대 의회는 굉장히 많은 변화를 가지고 시작했습니다. 제게 붙여진 최초의 의미들이 의회의 변화를 상징하는 것에 도움이 됐다면 그걸로 만족합니다. 다만, 그 같은 수식어에 앞서 의장으로서의 몫을 하려고 애썼습니다""8대 의회는 노동과 복지, 장애 등 다양한 의제를 보다 깊이 있게 살펴봤다는 평가를 받는다. 그 중심에 박 의장이 있었다. 박 의장은 주변의 위로와 격려가 있어 가능했다고 말한다.""101번의 프러포즈를 통해 2년간 매주 1번씩은 시민들을 만나 뵙겠다고 약속했습니다. 한 번은 중증장애인분들을 만나는 자리에서 많은 요청을 받고 진땀을 빼고 있는데, 한 분이 '우리도 힘들지만, 의장님도 이 많은 일들을 다 하려면 힘들 것 같다'며 불편한 몸으로 하모니카를 연주해주셨습니다. 말로 설명할 수 없는 위로를 받았습니다""박인영 부산시의회 의장. (사진=자료사진)물론, 아쉬운 점도 있다. 애초에 계획하고 추진했던 것을 임기 내에 마무리하지 못 한 것들이다.""2년은 그리 길지 않은 시간이라 시작할때부터 계획을 빡빡하게 세워서 썼습니다. 관용차를 안타고 의장실을 개방하는 등 불필요한 권위를 내려놓으려 했습니다. 공공기관 인사청문회와 형제복지원 공식사과 고등학교 무상급식 등 이제 의회에서 풀지못했던 과제를 과감하게 처리했습니다""""다만, 도시가스, 상하수도, 대중교통, 생활폐기물 문제처럼 시민들의 실생활과 직접 연관된 문제에 대해 본격적으로 연구를 진행하는 중에 임기가 끝나서 마무리를 못한 점은 아쉬움으로 남습니다""박 의장을 비롯해 8대 부산시의회는 유독 초선이 많다. 전체 47명의 의원 중 42명이 초선이다. 이 같은 상황에 대해 박 의장은 기존의 정치문법에 얽매이지 않는 의정활동을 할 수 있었다고 평가했다. ""흔히들, 8대의회 전반기를 말할 때 큰 거 한 방이 없었다고 말씀하십니다. 저는 그것이 과거의 정치문법이라고 생각합니다. 초선의원들이 많아서 다양한 사회문제들을 의회로 끌어들이는 효과가 있었다고 봅니다. 의원들 개개인이 가진 날 것의 감각들이 공론의 장에 쏟아져 나올 수 있는 원동력이 됐다고 평가합니다""현재 부산시의회는 더불어민주당 41석, 미래통합당 5석, 무소속 1석으로 이뤄져 있다. 민주당 소속 의장으로서 박 의장은 화합과 협치를 위해 애썼다고 돌이켰다. ""구의원을 하면서 소수당으로서의 경험을 해봤습니다. 의장의 기본 책무는 의원들이 최선의 의정 활동을 할수 있도록 지원해주는 것입니다. 정당에서 정파적으로 하는 것은 입장이 다르더라도 인정을 주며 가는 것이 조화로운 모습이라고 생각했습니다""박 의장은 후반기 의회에서 평의원으로 돌아간다. 그는 자신이 그렸던 시의원으로서의 활동에 기대감을 나타냈다. ""우선, 하고 싶은 말을 다 하고 싶습니다. 의장이 해야 하는 말, 요구되는 말을 해야 했는데, 후반기에는 박인영의 말을 하고 싶습니다. 정치인은 전체를 보는 총론과 부분을 살피는 각론을 다 잘해야 한다고 생각하는데, 의장으로서 부산 전체를 살펴보는 시간을 가졌던 만큼 후반기에는 시민들의 삶 속으로 들어가서 부산을 살펴보고 싶습니다""부산시의회. (사진=자료사진)박 의장은 정치인으로서의 포부도 나타냈다. 잘하는 정치인이 되고 싶다는 것이다. ""많은 분들이 다음 목표로 구청장, 국회의원을 말씀하시는데, 저는 그저 좋은 정치인이 되고 싶습니다.  누가 봐도 잘하는 정치인이 되고 싶습니다. 좋은 정치인이 되는 과정에 제가 선택할 수 있는 것들이 있을 텐데, 그 어떤 것도 마다하지 않겠습니다""박 의장은 끝으로 시민들의 적극적인 참여만이 정치는 물론 부산과 시민 개개인의 삶을 바꿀 수 있다고 당부했다. ""시민들께서 바꾼 정치가 내 삶에 플러스가 되는 선순환의 경험을 하셨으면 좋겠다고 늘 생각했습니다. 저희가 부족한 점도 많았고 좋지 않은 모습도 많이 보여드려서 우려가 되는 것도 사실입니다. 하지만 시민들의 관심이 정치인들을 긴장시키는 채찍질이 됩니다. 늘 관심의 끈을 놓지 않고 참여해주시길 기대합니다""▶ 확 달라진 노컷뉴스▶ 클릭 한 번이면 노컷뉴스 구독!▶ 보다 나은 세상, 노컷브이와 함께jspark@cbs.co.kr저작권자 © CBS 노컷뉴스 무단전재 및 재배포 금지		"
5,2020.06.29. 오전 9:13,"[인터뷰] 박인영 부산시의장 ""계파와 차이 넘어 단합해야""","""시민이 정치 주인·정책 결정권자…시대 흐름에 부응해야""""지역·중앙 관점을 다 가진, 일 잘하는 정치인 되고 싶어""박인영 부산시의회 의장[촬영 김재홍]    (부산=연합뉴스) 김재홍 기자 = 박인영 부산시의회 의장은 29일 ""내년 부산시장 보궐선거를 앞두고 의회가 중심을 잡고, 일사불란하게 안정된 의정 모습을 보여야 한다""고 밝혔다.     박 의장은 민선 7시 임기 반환점을 맞아 연합뉴스와 인터뷰에서 ""지난 2년은 부산을 더욱 사랑하게 된 시간이었다""며 ""40대 여성 정치인이라는 제 경험이 부산의 자산이 될 수 있도록 노력할 것""이라고 말했다.     그는 이번 총선 부산지역구 결과를 두고 ""부산시민이 일을 잘하는 쪽에 대의권을 위임하겠다는 의사를 명확하게 표현한 것""이라고 평가했다. 다음은 박 의장과의 일문일답.-- 임기 종료를 앞둔 소감은.    ▲ 2년이 파노라마처럼 스쳐 지나간다. 무척 많은 일이 있었는데 매순간 정말 최선을 다했기에 모든 걸 완전히 불태운 후 느끼는 고요함 같은 게 있다.     수많은 일과 다양한 사건을 돌이켜보니 딱 하나가 남더라. 부산. 부산을 더욱 사랑하게 된 시간이었다.     -- 부산에서 40대 여성 정치인이란.     ▲ '잘 키운 딸 하나, 열 아들 안 부럽다' 아닐까. 40대 초반의 나이에 부산시정을 전체적으로 바라보고 미래까지 그려볼 수 있는 경험을 하게 돼 영광으로 생각한다. 저의 경험이 저 만의 것이 아니라 부산의 자산이 될 수 있도록 노력하겠다.     -- 의장직을 수행하면서 특별히 기억에 넘는 활동은.     ▲ '101번의 프러포즈'를 통해 2년간 매주 1번씩 시민을 만나 뵙겠다고 약속했다. 2천명 이상을 만났고, 그만큼 다양한 의견을 들었다.     중증장애인분들이 시의회 이음홀을 찾아주셨던 때가 기억에 남는다.     손가락만 겨우 움직일 수 있는 중증장애를 갖고 계신 분이었는데 연주를 들으면서 말로 설명할 수 없는 연대감이 생기더라.     정치인에게 가장 필요한 능력은 타인의 고통을 상상하는 능력이라고 생각하는데, 그때 그분께 한 수 크게 배웠다.     -- 아쉬웠던 점은.    ▲ 관용차 안 타고, 의장실을 이음홀로 만들어서 개방하는 등 불필요한 권위를 내려놓고, 의회 문턱을 완전히 낮춰 시민께 다가가고자 노력했다.     그러나 도시가스, 상하수도, 대중교통, 생활폐기물 문제처럼 시민 실생활과 직접 연관된 문제를 본격적으로 연구하는 중에 임기가 끝나서 마무리를 못 한 점은 무척 아쉽다. 박인영 부산시의회 의장[촬영 김재홍]    -- 총선 평가와 향후 과제는    ▲ 부산시민의 '위대한 선택'이다. 의석수만 보면 자유통합당의 완전한 선전이다. 그런데 득표율을 보면 의석수만큼 차이가 나지는 않는다. 통합당은 후보만 내면 당선되던 시절로 돌아갔다고 절대 안심할 수 없고, 민주당 입장에서도 부산에서는 안 된다고 포기할 수 없다는 의미다.     부산시민이 일을 잘하는 쪽에 대의권을 위임하겠다는 의사를 명확하게 표현한 것이다.     다만, 몇 퍼센트의 득표 차이가 결과적으로 의석수에서는 너무 큰 차이를 내는 선거제도를 이제 본격적으로 손봐야 할 시점이 됐다는 생각은 든다.     -- 후반기 의장에 당부하고 싶은 말이 있다면.     ▲ 의회의 문턱을 낮추고, 보다 많은 시민을 만나는 노력은 지속해주시길 당부한다. 시민이 정치의 주인이고, 정책의 결정권자라는 것은 시대 흐름이다. 의회는 그 흐름에 반드시 부응해야 하는 의무가 있다.     하반기는 권한대행 체제 1년, 새로 뽑힌 시장 1년 등 시정이 다소 유동적이다. 의회는 중심을 잡고, 일사불란하게 안정된 모습을 보여야 한다. 계파와 차이를 넘어 단합된 의회를 만들어주시면 좋겠다.    -- 정치인 박인영의 꿈은.    ▲ 누가 봐도 잘하는 정치인. 지역과 중앙의 관점을 다 가진 정치인, 동네에 가도 중앙정부에 가도 아는 사람이 있는 정치인, 지역 이야기를 중앙에 연결할 수 있는 그런 정치인이 되고 싶다.  pitbull@yna.co.kr▶코로나19 속보는 네이버 연합뉴스[구독 클릭]▶[팩트체크]'인국공 사태'로 취준생 피해?▶제보하기"
6,2020.06.29. 오후 7:19,부산시 3차 추경안 6543억 “코로나 대응·경제 활성화”,"29일 오후 변성완 부산시장 권한대행이 부산시청 브리핑룸에서 ‘2020년도 제3회 추경 예산안’ 편성 규모에 대해 설명을 하고 있다. 강원태 기자 wkang@부산시가 ‘포스트 코로나’에 대응하고 지역 경제 활성화를 위한 추가경정 예산안을 마련했다. 부산시는 29일 경제위기 극복과 함께 포스트 코로나 시대의 도약을 위한 정부 3차 추경에 대응하고, 지역 실정에 맞는 경제활성화 기반을 마련하기 위한 6543억 원 규모의 3차 추경안을 시의회에 제출했다고 밝혔다.이번 추경은 코로나19 확산방지와 피해 극복을 위해 3월 실시한 1차 긴급추경, 5월 정부의 긴급재난지원금 대응 2차 추경에 이은 3차 추경이다. 시는 지역경제 활성화 최우선과제인 일자리, 취약계층 지원 등 사회안전망 강화, 지역경제 도약을 위한 사업추진 및 시정현안 추진을 위한 필수경비를 편성해 어려움을 함께 극복하고 포스트 코로나 시대에 선제 대응하기 위해 마련했다.코로나 피해 대책 2005억 원맞춤형 일자리 사업 1134억취약계층 안전망 구축 640억 등“포스트 코로나 시대 초석 마련”추경의 재원은 2019년 결산에 따른 잉여금 등의 보전수입, 도시공사 결산배당금·보조금 정산잔액 등의 세외수입, 통합관리기금 예탁의 내부거래, 지방채 발행, 정부 3차 추경에 따른 국고보조금 등으로 조달한다.우선, 시는 코로나19 피해에 따른 고용안정 및 서민생활안정 대책으로 2005억 원을 배정했다. 고용 충격에 대응하기 위한 희망 일자리사업, 청·장년 일자리 사업, 지역 맞춤형 일자리 사업 등에 1134억 원, 청년 희망 지원사업 53억 원 등 지역 고용안정화 사업에 1187억 원을 지원한다. 또 저소득, 여성, 장애인 등 취약계층과 청소년·아동 보육지원 등 사회안전망 강화에 640억 원, 시민 삶의 질을 높이는 생활 인프라 개선에 178억 원을 편성했다.소비회복과 지역경제 활성화 등에는 1764억 원이 책정됐다. 시는 자영업 등 중소상공인 지원과 지역소비회복 제고를 위해 532억 원을 편성했다. 주요 사업으로는 부산상품권 발행 지원, 동부중소유통공동물류센터 이전 건립, 소상공인점포 재개장 지원, 중소기업 근무환경 개선 등이다. 관광, 자동차 등 지역산업 경기하강 대응 회복지원에는 290억 원, 부산형 뉴딜 사업 추진에는 301억 원, 지속발전 가능한 도시 인프라 구성에 641억 원이 편성됐다. K방역 육성 추진과 재난 대응 고도화에는 187억 원이 지원된다. 부산의료원 공익진료결손분 50억 원, 음압병실확충 17억 5000만 원, 부산의료원 기능 보강 14억 원, 어린이 보호구역 무인교통단속장비 설치 78억 원, 어린이보호구역 개선 6억 원 등이다. 필수의무 경비 등 시정현안 사업에는 1868억 원이 편성됐다. 시는 부산교통공사 긴급 재정지원금 500억 원, 시내버스준공영제 운송손실 보전금 600억 원 등 코로나19 피해를 보고 있는 공기관 지원 등 시정 현안 필수 의무경비에 1868억 원을 편성했다.변성완 부산시장 권한대행은 “이번 추경 예산안은 코로나19 확산의 충격에서 점차 안정화되어 감에 따라 지역경제 회복과 포스트 코로나 시대의 초석을 마련하기 위해 편성했다”면서 “예산안이 확정되면 사업을 신속하게 추진해 시민들이 코로나19를 극복하고 일상으로 돌아갈 수 있도록 최선을 다하겠다”고 밝혔다.최세헌 기자 cornie@busan.com▶ 네이버에서 부산일보 구독하기 클릭!▶ '터치 부산' 앱 출시, 부산일보 지면을 내 손 안에!▶ 부산일보 홈 바로가기"
7,2020.06.19. 오전 11:11,"[인사] 대구시교육청, 경북 영덕군, 기획재정부, 강원도, 부산시교육청","			[서울Biz]■ 대구시교육청◇ 3급 전보△ 행정국장 조태환 △ 학생문화센터관장 강형구 △ 2·28기념학생도서관장 배호기◇ 3급 승진△ 중앙도서관장 장철수 △ 남부도서관장 안국상◇ 4급 전보△ 행정안전과장 김조일 △ 해양수련원장 이명우◇ 4급 승진△ 창의융합교육원 총무부장 김동환 △ 미래교육연구원 행정정보부장 이상진 △ 낙동강수련원장 문희규◇ 5급 전보<교육행정직>△ 감사실 감사1담당 김연희 △ 감사실 감사2담당 김영순 △ 학교운영과 학생배치1담당 고수주 △ 기획조정과 학교자율담당 조경선 △ 서부도서관 총무과장 이창원 △ 남부도서관 총무과장 구정미 △ 2·28기념학생도서관 총무과장 금문섭 △ 대구고 우정귀 △ 함지고 황미영 △ 달서공고 구옥임 △ 남부교육지원청 행정지원과장 권정수 △ 재정평생교육과장 이재<사서직>△ 서부도서관 독서문화과장 안정옥 △ 2·28기념학생도서관 독서문화과장 제갈선희<시설직>△ 교육시설지원센터 시설지원부장 박옥환 △ 동부교육지원청 시설지원과장 주태식<공업직>△ 교육시설과 시설3담당 임종완 △ 서부교육지원청 시설지원과장 백금상◇5급 승진<교육행정직>△ 화원고 임은주 △ 호산고 이재옥 △ 경북여고 류은희<시설직>△ 교육시설과 시설2담당 이동구■ 경북 영덕군◇ 4급 승진△ 자치행정과 박한◇ 5급 승진△ 달산면 박태호 △ 정책기획담당관 김명중 △ 강구면 정경훈 △ 보건소 김재희■ 기획재정부◇ 부이사관 승진△ 경영관리과장 임동규■ 강원도◇ 과장급 승진△ 일자리정책담당 김미숙 △ 과학기술담당 박은주 △ 예산담당 윤우영 △ 문화정책담당 이미숙 △ 복지기획담당 임성원 △ 기획담당 한성규 △ 홍보기획담당 한영선 △ 민간협력담당 현금서 △ 축산경영담당 박근수 △ 보건행정담당 김경희 △도로관리사업소 북부지소장 정홍섭 △ 문화유적보존담당 박경우 △ 도농업기술원 자원식품담당 김수환◇ 담당급 승진△ 농정과 박병후 △ 남북교류과 박승철 △ 일자리정책과 박용호 △ 올림픽발전과 서창범 △ 경로장애인과 심우철 △ 총무행정관실 안재홍 △ 산림소득과 윤환락 △ 정책기획관 이강희 △ 안전총괄과 이만희 △ 총무행정관실 이민수 △ 중국통상과 이성대 △ 회계과 이혜영 △ 정보사업과 이희정 △ 정책기획관 조정미 △ 감사위원회 지경환 △ 감사위원회 한태삼 △ 복지정책과 최원영 △ 교통과 양형준 △ 농정과 김형수 △ 동물방역과 박순성 △ 어업진흥과 윤경식 △ 어업진흥과 조현규 △ 식품의약과 임정미 △ 공공의료과 윤금연 △ 지역도시과 백명열 △ 철도과 유청담 △ 감사위원회 김남철 △ 정보산업과 장호영 △ 도농업기술원 지원기획과 유택근 △ 도보건환경연구원 먹는물분석과 박근영■ 부산시교육청◇ 3급 승진△ 행정국장 차종호 △ 시민도서관장 김흥백◇ 교육행정 4급 승진△ 총무과장 홍병진 △ 지원과장 강병구 △ 정책기획과장 김정태 △ 예산기획과장 주낙성 △ 안전기획과장 김칠태 △ 교육연구정보원 총무부장 정희주 △ 어린이회관 총무부장 정영식◇ 사서 4급 승진△ 시민도서관 도서관정책부장 윤영옥◇ 교육행정 5급 승진△ 부산고등학교 행정실장 제종권 △ 연제고등학교 행정실장 김현미 △ 부경고등학교 행정실장 박종순 △ 부산과학고등학교 행정실장 유병완 △ 부산남고등학교 행정실장 황병준 △ 개성고등학교 행정실장 이영복 △ 부산동여자고등학교 행정실장 이종채 △ 부산맹학교 행정실장 황윤식 △ 부산혜송학교 행정실장 배재숙 △ 명호초등학교 행정실장 김경식 △ 모전초등학교 행정실장 진동희 △ 정원초등학교 행정실장 진영호 △ 부산대학교(파견) 임정순◇ 사서 5급 승진△ 시민도서관 사서과장 전미숙 △ 부전도서관 자료봉사과장 강은주◇ 시설 5급 승진△ 시설과 윤종철◇ 3급 전보△ 학생교육문화회관장 임석규 △ 중앙도서관장 김영진◇ 교육행정 4급 전보△ 기획국장(직무대리) 김세훈 △ 관리과장 정종남 △ 구포도서관장(직무대리) 배규태 △ 해운대도서관장(직무대리) 천정숙 △ 서부교육지원청 행정지원국장 김정희 △ 동래교육지원청 행정지원국장 문기홍 △ 해운대교육지원청 행정지원국장 전찬수◇ 사서 4급 전보△ 부전도서관장 원영희◇ 교육행정 5급 전보△ 감사관실 김나정 △ 감사관실 신경미 △ 관리과 이미경 △ 지원과 김도연 △ 재정과(파견복귀) 박수은 △ 안전기획과 박준영 △ 미래인재교육과 영재교육진흥원(파견) 도기옥 △ 해운대도서관 총무과장 이한용 △ 해운대도서관 평생학습과장 최진욱 △ 유아교육진흥원 총무부장 고성환 △ 부산공업고등학교 행정실장 김청룡 △ 부산전자공업고등학교 행정실장 곽종호 △ 신도고등학교 정연조 △ 문현여자고등학교 행정실장 이철호 △ 서부교육지원청 학생건강지원과장 송진호 △ 북부교육지원청 행정과장 임미경 △ 북부교육지원청 학교지원과장 박영길 △ 동래교육지원청 행정과장 정진호 △ 해운대교육지원청 행정과장 최영곤 △ 해운대교육지원청 학생건강지원과장 문외화◇ 사서 5급 전보△ 서동도서관장 강성녀 △ 연산도서관장 양미경▶ [서울Biz 바로가기] ▶ [밀리터리 인사이드] ▶ 네이버에서 서울신문 구독하기 클릭! ⓒ 서울신문(www.seoul.co.kr), 무단전재 및 재배포금지		"
8,2020.06.29. 오후 5:28,[INTERVIEW 배양숙의 Q] 보첼리도 쓰는 점자 스마트워치 업체 닷(dot),"닷 워치, 닷 미니에 이어 닷 패드까지김주윤 ·성기광 공동대표 `배리어 프리` 앞장 세계 3대 광고제 `뉴욕페스티벌`서 그랑프리·골드 수상도닷(dot) 본사에서 배양숙 글로벌인사이트포럼 대표와 김주윤 ·성기광 dot 공동대표. Q. 지난 5월 열린 '2020 뉴욕페스티벌'에서 그랑프리와 골드상을 수상했는데, 어떤 콘텐츠였는가?A. 세계 3대 광고제인 뉴욕페스티벌과 클리오광고제, 칸국제광고제는 전 세계 모든 대기업들이 수상을 탐냅니다. 브랜드 가치가 높은 나이키, 삼성, 구글 등의 글로벌기업들이 정례적으로 매년 참여합니다. Dot은 스타트업 규모이지만 핵심 가치를 잘 부각시켜 사회적 약자를 돕는 카테고리에서 유의미한 행보를 하고 있다고 생각합니다. 3년 전에는 칸국제광고제에서 2위에 해당되는 금상을 수상했었는데, 그랑프리와는 근소한 점수 차이로  안타깝게  졌습니다.  당시 그랑프리는 구글의 '알파고'였습니다. ""역시 사람은 기계를 이길 수 없는 건가?""라고 웃으며 수상소감을 했었던 기억이 납니다.Q 공동대표체제인데 역할분담은 어떻게 하고 있는가?A 김주윤 대표가 기업운영 (인사,재무,전략)을 책임지는 CEO (최고경영자)입니다. 저(성기광 대표)는 사업 개발 전반 총괄과 영업을 맡는 CBDO (Chief Business Development Officer)입니다.  2~3년 후 저희 방향성과 맞는 정부 사업들과 dot의 미래 사업 방향을 정해 마케팅과 시장 조사를 담당하고 있습니다. 최근에는 정부 과제 사업 수주에 집중을 하고 있습니다.Q. 정부 사업 수주와 병행해 글로벌 비즈니스에 집중하는 것도 중요하리라 여겨진다. dot 코딩 기술이 궁금하다.A. 코딩 기술 역시 dot의 원천 기술입니다. 코딩은 소프트웨어 기술과 관련돼 있습니다. 이미지를 표시하거나 점자를 표시하는 것에 기술이 많이 집약돼 있어요. 예를 들어 일반적으로 ABCD로 돼 있는 텍스트를 점자로 변환시켜 시각장애인에게 알려줘야 하는데, 그 점자로 변환하는 번역 작업이 굉장히 어렵습니다. 일반 전공 책 한 권을 점자책으로 만드는 데 번역 작업을 포함해 3개월 정도 걸립니다. 닷 코딩 기술은 구글 번역기처럼 이런 번역 작업을 자동화시킨 소프트웨어 기술입니다. 이 기술은 이건 dot만 보유한 원천 기술입니다. 흥미로운건 한국어, 영어 등 점자가 언어별로 다 다릅니다. 우리가 5년 전부  터 이 기술개발에 공을 들였고 지금은 11개국 점자 번역 소프트웨어를 만들었습니다.Q. 하나의 텍스트를 디바이스에 넣으면 11개 언어로 점자 번역 되는 시스템이 완성 됐다는 뜻인가? 그렇다면 대단한 기술이다.A. 사실 디바이스 자체가 중요한 것이 아니라 그 디바이스로 어떤 가치 있는 텍스트를  읽을 수 있는가가 더 중요합니다. dot 디바이스의 목적은 시각장애인들이 세상에 있는 모든 콘텐츠를 차별 없이 읽을 수 있게 하는 데 있습니다. 이미 점자로 변환돼 있는 소수 텍스트에서 더 나아가 비시각장애인이 읽는 모든 텍스트를 디바이스에 넣기만 하면 자동으로 점자로 변환돼서 나올 수 있게 하는 것입니다.Q.  마술램프 '지니'가 떠오른다. 세상의 모든 텍스트가 디바이스에 들어가면 점자로 변환되는 것이고 향후 영상까지 시각장애인들이 읽을 수 있도록 번역이 가능하다는 것인가?A. 그렇습니다. 첫 제품이 dot 워치(손목 시계)였다면 두 번째는 닷 미니였습니다. 저희의 궁극적인 제품은 '닷 패드'입니다. 닷 미니에는 점자들이 한 줄로 나열돼 있습니다. 텍스트(문자) 정보 중심인 겁니다. 닷 미니가 점자들이 한 줄로 나열돼 있다면, 닷 패드는 점자들이 여러 줄로 나열돼 있어, 문자만 표시할 수 있던 수준에서  이미지까지  표시할  수 있게 차원이 바뀌는 겁니다. 1차원에서 2차원으로 발전한 셈입니다.. 닷 패드로 시연중인 시각장애인. [사진 제공 = dot] Q. 빌딩의 옥외광고 전광판과 비슷하다.A. 맞습니다. 비유하자면 오래 전 전자 사전에 테트리스 게임과 같은 낮은 해상도로 표현된 것들과 비슷합니다.Q. 예상보다 dot의 실력이 더 대단하다.A. 올해 뉴욕페스티벌 출전 주제는 dot의 코딩 기술이었습니다. '닷 미니'라는 디바이스로는 2019년에 수상했습니다. 지난달에 그랑프리를 받은 건 닷 미니의 11개국 언어를 실시간 점자로 변환시키는 소프트웨어 기술입니다.Q. 전 세계 3억 명의 시각장애인들을 위한 '배리어 프리 기술'에 대한 자세한 설명이 필요하다. 핵심 기술인가?A. 손톱 크기의 작은 픽셀 기술이 핵심입니다. 하나의 점을 물리적으로 올라갔다 내려갔다 움직이게 하는 모터 기술입니다. 회사명이 '닷(dot)'입니다.  점은 모든 것의 시작, 무한한 가능성을 의미합니다. 점을 연결해서 세상을 만든다는 것이 핵심 가치이기도 합니다.  모든 제품의 네이밍에 dot이 함께 하는 이유가 점자 관련 기술이 핵심이기 때문입니다. 패드를 보면 단순히 점이 여러 개 있다고 느껴질 수 있지만, 디바이스 뒤를 보면 이 작은 점들을 구동해야 하는 기술들이 다양하게 들어가 있습니다. 디바이스 하나에 2400개 점이 찍혀있는데, 자그마한 점들이 위아래로 올라갔다 내려갔다 하면서 시각 장애인들이 아래 내려간 점과 위에 올라온 점을 구분해 이미지와 점자를 인식하게 합니다. 이 점을 움직이는 아주 작은 모터 2400개를 똑같이 배열하고 배치하는 것이  기술의  핵심입니다. 전 세계적으로 dot처럼 많은 작은 점들을 표시할 수 있는 나라들이 많지 않습니다. 일본과 독일에서 그 기술을 독점적으로 가지고 있었는데, 비싸고 점자 크기가 크다는 단점이 있었습니다. 손바닥만한 곳에 점자 하나를 표시하는데 그 값이 30불 정도, 즉 3~4만원 정도 됩니다. 점들을 조그맣게 만들고 여러 줄로 배치할 수 있는 것이 dot만의 강점입니다. 더 나아가 가격도 몇 십 분의 일로 낮추었습니다. 규모와 사이즈의 혁명입니다. 이 핵심 기술로 워치, 미니, 패드의 모든 디바이스 개발이 가능해졌습니다. 점으로 모든 세상을 표현하는 게 가능해진 겁니다. 텍스트, 이미지 정보에 대한 시각장애인들의 접근성이 늘 수 있고, 이 기술이 만약 공항,지하철, 관공서등의 공공영역에 접목된다면 시각장애인들의 세상이 완전히 달라질 수 있습니다. 현재 지하철역등에 있는 점자는 딱 딱하게 죽어있는 상태인데요. 죽어있는 점자가 단순히 '몇 번  승강장이다'  정도의 정보를 줄 수 있다면 dot의 살아있는 점자는 '여긴 몇 번 승강장이고, 다음 기차는 어느 목적지로 가고 언제 도착하는지'까지의 생생한 정보를 전해줄 수 있습니다.  이를테면  '실시간 안내 점자'라고도 할 수 있습니다.   정보를 실시간으로 점자로 바꿔줄 수 있는 배리어 프리 기술이지요. '장벽을 없앤다' 는 뜻처럼 모든 영역에서 시각장애인들의 활동 장벽을 없애는 것이 우리가 추구하는 배리어 프리 기술의 목표입니다.Q. 전 세계 공공시설에 접목되게 하면 좋겠다.A. 전 세계적으로 아주 큽니다. 지금도 전 세계 공공 시설에 점자 기술이 설치돼 있긴 하지만, 배리어 프리 기술 기반 실시간 점자로 바꾼다고 하면 시장 규모가 엄청날 겁니다. 차세대기업가 COSMOS & Be 워크샵 현장에서 성기광 dot 대표와 배양숙 글로벌인사이트포럼 대표. Q. 기술 책임자는 누구인가?A. 저(김주윤 대표)의 아버지가 회사 다니실 때의 동료분들입니다. 진동소자를 제작하시는 분, 원천기술 소유자이자 특허를 보유하신 분들입니다. 그 분들이 이 모터에 대한 핵심 엔지니어가 되셨습니다. dot가족으로 함께 계십니다. 디바이스 제작 공장은 한국 부평에 위치합니다. Q. 코로나19로 항공 등 글로벌 물류가 원할하지 않다. 전 세계 시각 장애인분들이 제품을 기다릴텐데 dot은 이 상황을 어찌 대처하고 있나?A. 제한을 받는 업종은 정해져 있습니다만, 마스크처럼 사회적 약자를 위한 디바이스는 제한 받지 않고 유통망이 열려있습니다. 물류 흐름이 막힌 건 없지만 어려운 점이 있다면 불편을 겪는 세계 모든 시각장애인들이 우리 제품을 사고 싶어 하는데, 현금을 지불하고 가져가는 수출 절차 과정에서 일정 부분 제한이 있다는 겁니다. Q. 선천적인 시각 장애인이라면 원, 네모 등 기초적 도형에 대해 무인지 상태일텐데. 기초 도형을 먼저 배워 패드를 사용할 수 있는 교육 프로그램도 필요할 것 같다.A. 그렇습니다. 점자를 포함해 도형에 대한 감각이 없는 분들을 위한 커리큘럼이 맹학교에 이미 갖춰져 있습니다. 우리는 맹학교와 그 과정을 디지털화하는 공동 프로젝트를 하고 있습니다. 이전 교육에서는 아날로그적으로 시각 장애 학생들에게 도형을 알려줬습니다. 본드 같은 걸 백지에 뿌려서 굳으면 볼록하게 올라와 있는 모양을 만지게 해 어떤 도형인지 알려주는 올드한 커리큘럼입니다. 시간도 오래 걸리고, 1대1로 교사가 가르쳐줘야 하니, 현실적으로 교육 과정이 활성화되지 못했습니다.  인지 과학적으로 시각 장애인들이 복잡한 이미지를 배울 수 있는 교육 매커니즘은 정해져 있는 상황입니다. 우리가 할 일은 그 매커니즘을 기반으로 시각장애인 학교에서 디지털 혁신기술을 이용해 더 많은 학생들이 짧은 시간에 이미지에 대해 배울 수 있게 하는 겁니다. 이 교육 과정을 통해 학생들이 지금보다 더 다양한 직업을 갖도록 도울 수 있으리라 생각합니다.Q. 결과적으로 닷 패드가 시각장애인의 자율성과 독립성, 창의성을 회복시켜 줄 수 있다는 것인가?A. 그렇습니다. 근거도 있습니다. 흥미로운 세계보건기구(WHO)의 통계가 있습니다. 기본적으로 시각 장애인과 비시각장애인의 취업률은 큰 차이가 납니다. 비시각장애인의 취업률은 80% 이상인데, 시각 장애인은 취업률은 많이 낮고 시각장애인 사이에서도 취업률이 두 갈래로 나뉜다는 점입니다. 점자를 아는지 여부에 따라,  즉 '점자 문맹'이냐 아니냐에 따라 취업률이 달라지는 겁니다. 시각 장애인이지만 점자를 알아서 문자에 대한 커뮤니케이션을 할 수 있으면 취업률이 높습니다. 이는 비시각장애인과 크게 다르지 않습니다. 그만큼 시각장애인들에게 점자는 교육과 사회 참여에 있어서 굉장히 중요합니다. 현재는 점자를 알아도 제한적인 영역에서만 경제 활동을 할 수 없습니다. 우리는 이분들이 이미지 정보에도 접근할 수 있다면 할 수 있는 영역과 잠재력이 훨씬 커질 수 있다고 생각합니다. 수학, 화학 같이 고등교육을 받으면 교수도, 프로그램 엔지니어도 될 수 있는 겁니다. 제한적 일만 할 수 있던 시각장애인이 비장애인들처럼  전문직까지  할  수 있고, 사회 참여 부분에서 점점 경계가 없어질 겁니다.Q. dot의 가치나 비전은 선진국에서 더 높이 평가받을 것 같다. 닷 패드를 사용하면 거시적 측면에선 이런 큰 변화가 있을 것이다. 일상에서 예상되는 변화는 무엇인가?A. 전 세계 사람들이 페이스북, 인스타그램 등 SNS를 많이 합니다. 특히 미국에선 주로 사용하는 SNS가 인스타그램인데 글자보다는 주로 그림과 사진 위주입니다. 점점 주 정  보가 텍스트에서 이미지, 영상으로 바뀌고 있는데 시각 장애인은 이런 트렌드를 맞춰가지 못하고 지속적으로 정보 차별을 받고 있습니다. 시각 장애인도 이미지에 접근할 수 있는 도구가 나온다면, 그들도 SNS에서 '어떤 사진이 올라왔는지', '사진 속 정보를 통해 이 사람이 어떤 커뮤니케이션 하려고 하는지' 등 공감대를 형성할 수 있습니다. 비장애인처럼 일상적인 공감대를 형성하는 겁니다.dot이 주는 변화가 일상적인 영역에서 SNS 이미지에 정보 접근성을 높이는 거라면, 직장 등 공적인 영역에서도 활동 저변을 넓힐 수 있습니다. 사실 점자 자체로는 커뮤니케이션에서 제한이 많습니다. 회사에서는 워드 뿐 아니라 엑셀이나 파워포인트를 사용합니다. 닷 패드로 파워포인트, 엑셀도 사용할 수 있다면 일하는 공간에서도 다양한 사람과의 커뮤니케이션이 더 활발해질 수 있습니다. 시각장애인과 비장애인 사이에 새로운 소통의 연결브리지가 생기는 것입니다.Q. 닷 패드로 전 세계 3억명 시각장애인들이 일상적인 SNS 활동을 넘어 새로운 일자리가 열리는 개방된 세상을 휴대한다니 혁명적인 뉴플랫폼이다.A. 그렇게 된다면 우리 시대가 피처폰에서 스마트폰으로 바뀌었던 것과 비슷한 변화들이 생길 것입니다. 과거엔 휴대폰으로 문자나 전화만 가능했다면 지금은 휴대폰 하나로 전 세계와 소통하며 비즈니스를 하는 시대입니다. 이 혁명이 시각장애인에게도 일어나는 것 입니다. 전 세계 시각장애인은 3억 명 정도이고 모든 장애인을 포함하면 10억 명입니다.Q. 성기광 대표와 김주윤 대표는 죽마고우였다고 들었다. 어떻게 dot이 시작됐나?A. 제(김주윤 대표)가 먼저 하자고 했습니다. 한국에서 고등학교  졸업하고 저는 미국 워싱턴 대학교에 진학했고 성 대표는 유타 대학교에 갔는데, 둘 다 창업에 관심이 많았습니다. 아버지들께서 친구였습니다. 어렸을 때 아버지 모임에서 만났습니다.Q. 대를 이은 우정이다.A. 미국에서도 우리는 서로 도움을 주고받았습니다.  저(김주윤 대표)는 창업을 두 번 정도 해 본 상태였고, 성기광 대표에게 제가 스타트업 인턴 자리를 소개시켜 줬습니다. 2014년도에 제가 창업을 하자고 설득해 한국에 왔습니다. 그 해 2월에 제가 한국으로 들어오고 5월에 성 대표가 귀국해서 한 달 동안 아이템 검토도 하고 교회도 다니며 같이 살았습니다. 성기광 대표가 대학교에서 받은 장학금 200만원으로 용인에 원룸을 얻고 Dot을 창업했습니다. 고등학교 동창인 디자이너 친구포함 3명이 역할을 나눴습니다. 그러고 보니 우리는 모두 대학 중퇴입니다. 특히 성기광 대표는 졸업 한 달 남기고 중퇴했습니다. 저(성기광 대표)는 그게 좀 아쉬워서 동영상 강의를 들을 수 있는 기회를 타진하고 있습니다.2014년엔 전국의 여러 창업경진대회에 출전해 많이 떨어졌습니다. 그러던중 하늘에서 도우셨는지 당시 함께 거주하던 원룸에서 200m 정도 떨어진 용인소재, 산업진흥원의 공모전에서 우승을 했습니다.  당시 상금으로 2000만원  받아 성기광 대표에게 보증금을 갚고 새 오피스를 얻는 자금으로 사용했었습니다. Q. 성기광 대표 장학금 200만원으로 얻었던 원룸의 풍수지리가 좋았던 건가? (ㅎㅎ)A. 그런 것 같습니다. 그 다음 다른 지역 대회 우승하고 2~3개월 후  또 전국 대회에서  4등 했습니다. 2014년 12월 KBS에서 방송했던 창업 오디션 프로그램 '황금의 펜타곤' 시즌2에서는 'dot'으로 출연해 최종 우승까지 했습니다. 그 당시 흥미로웠던 건 결승에서 만난 '채팅캣' 대표가 미국에서 저와 잘 아는 사이였는데, 시애틀에서 첫 창업할 때 만났고 성기광 대표를 인턴으로 소개했던 곳이었던 '채팅캣'대표를 결승에서 만날 줄은 몰랐습니다. 신기했었습니다. 이후에 아버지와 아버지 지인들의 도움을 많이 받으면서 기술 개발에 집중했습니다. 일본의 '태크인 아시아'라는 매체가 우연히 기사를 써서 우리 회사를 소개했습니다. 이 기사가 발단이 돼서 타임 매거진과 BBC에도 저희 기사가 나가게 됐습니다. 2015년엔 여러가지 좋은 일들이 있었던 해 입니다. 지금은 성기광 대표를 중심으로 애플하고도 공동 개발하고 있습니다.Q. 계약 조건은 어떤가?  애플 같은 글로벌기업과 협업하면 법률적준비도 세심해야 할텐데, 자칫 기술을 뺏길 수도 있지 않은가?A. 맞습니다. dot패드 베리어프리 기술은 현재로서 우리 회사만 사용할 수 있습니다. 영상을 점자로 바꾸는 기술과 제품 양산도 dot만 할 수 있고 저가의 가격 경쟁을 유지할 수 있는 것도 우리가 유일합니다.Q. 제품의 가격대는?A. 향후 출시될 닷 패드 목표 가격은 500만원입니다. 닷 워치는 20만원 정도입니다.Q. dot 제품을 홍보하는 목적으로 글로벌 명품 브랜드와 협업해서 닷의 인지도 상승과 글로벌 명품 브랜드의 사회적가치상승으로 윈윈이 될 수 있으리라 여겨진다.A. 이미 글로벌 시장에서도 이 분야에 관심이 많습니다.  실제로 구글에서 본사 정문에 우리 제품을 배치할 수 있도록 요청이 왔었습니다. 구글에도 다수의 시각장애인들이 근무하는데 본사 내부 지도를 볼 방법이 아직 없습니다. 또 협상 중인 곳이 사우디아라비아입니다. 종교서적, 코란을 점자로 변환해 전국에 확산시키는 작업이 파이널 협상 단계에 있습니다. 미국에 시각장애인들이 대략 300만명이 넘는데 공식적으로 정부에서 지원을 받는 학생들만 해도 6만명 정도가 있습니다. 시각장애인의 90%가 후천적인데,  이분들은 선천적인 시각장애인들 입니다. 초, 중, 고등 교육과정 전체에 투입되는 교재비가 미국 정부의 공식 발표에 따르면 1만2000 ~ 2만달러 정도입니다. 종이 교재비로만 한 사람 당 2000만원이 넘는 돈이 들어가는 겁니다. 미국에서만 이 교재를 패드로 교체한다면, 시장 규모를 한화 약 6000억원 규모로 봅니다. 중국 시장은 더 큽니다.Q. 어느 국가라도 공공 영역에 dot의 실시간 점자 기술이 필요할 것이다.A. 네 맞습니다. 곧 서울에도 공예 박물관이 생기는데 박물관에 전시물과 길 안내를 점자로 하는 작업을 이미 논의 중입니다. 영국의 루브르 박물관이나 자연사박물관 등 세계유명 박물관에서도 배리어 프리 프로젝트가 논의될 수 있습니다. 이와 관련해서 5억원 규모로 수주해서 개발 중입니다. 부산지하철 서면역에도 dot 점자 패드가 설치된 키오스크가 있습니다. 서면역은 비시각장애인에게도 매우 복잡한 구조입니다. 시각장애인이 소리를 들으면서 키오스크를 찾아가면 점자로 된 지도를 읽을 수 있습니다. 키패드로 몇 번 출구로 나갈지를 선택하면, 촉각 패드를 만져 어떻게 길을 가야 하는지 알 수 있습니다. 지금은 점자 보도 블록으로 길을 아는데 한계가 많은데, 이 패드로 길을 안내 받고 찾을 수 있는 겁니다. 부산시 발표 자료에 따르면 28.3%가 교통 약자입니다. 우리는 스마트기술 활용해서, 배리어 프리 교통 환경을 마련하겠다는 목표로 서면역을 우선 실행하고. 향후 부산의 모든 지하철에 이 촉각 패드를 설치할 예정입니다.Q. 전국 지하철에도 설치가 돼야 할 것 이다.A. 그렇습니다. 이 기술을 다보스포럼과도 얘기 중입니다. 지난 3월에 오스트리아 비엔나에서 열린 월드 서밋 어워드에서 우승도 했습니다. UN의 '지속가능한 발전을 위한 목표'인 SDG를 가장 우수하게 이행한 기업에게 주는 상입니다. 시각장애인들을 위한 우리 기술이 고도화 돼 있다 보니 글로벌기업에서도 찾아왔습니다. 우리 기술과 접목하면 안면 마사지까지 되는 LED 마스크 개발이 가능합니다. dot의 기술이 적용되면 눈가 주름, 팔자 주름 개선에 좋은 마사지, 탈모 치료까지 개발이 이어질 수 있습니다. 카이스트와 공동 연구를 하고, 임상시험 중입니다.Q. 성장 가능성이 매우 크다.A. 현재 정부의 기조도 '포용적 성장'이고, '함께 만드는 스마트시티'를 강조하고 있습니 다. 사실 마지막 라인에 장애인들이 있지 않습니까. 무조건적인 신기술보다는 장애인들과 함께 잘 살 수 있는 환경을 마련하는데 정부의 시선이 향하고 있고, 전 세계적인 시선도 그렇습니다. 시의적절합니다.Q. 두 대표가 다 TED 강연을 했다.A. 저(김주윤 대표)는 인도 뭄바이에서 가장 큰 규모의 'TED-Gateway' 강연을 했었고 성기광 대표는 국내에서 TEDx 강연을 했습니다. 주제는 '왜 우리는 세계 최초로 점자 스마트 워치를 만들었나?'였습니다. 저는 강연을 시작할 때 안대를 쓰고 등장했습니다. 인도 뭄바이 TED-Gateway 강연중인 김주윤 대표와 한국 TEDx 강연중인 성기광 대표. Q. 매출 증대 기반은 어떤가?A. 현재는 보조공학 쪽, 인프라 쪽에서 성과가 나오고 있습니다. 1분기 135억원의 계약이 수주가 됐습니다. 코로나19 사태로 불확실성이 커지긴 했는데, 하고자 하는 일이 전 세계나 우리나라 정책의 방향성에 맞고 가치가 있다고 생각합니다. 특히 이 기술은 대체불가능성이 담보되고 있습니다. 매출상승 목표에 집중을 하지만 돈보다 더 가치 있는  일을 하고 있다는 것이 더 중요합니다. 물론 건강한 기업 경영을 통해 돈도 많이 벌어 사회를 위해 잘 사용되면 좋다고 생각합니다. 지금 현재 계약 진행중인 것이 많습니다. 약속된 계약까지 하면 내년 중순까지 150억~200억 매출 달성이 가능하리라 생각합니다. Q. 글로벌 광고 회사인 서비스플랜코리아와의 인연이 궁금하다.A. 2015년엔 SK명동 오피스에 입주해 있었는데  당시 강지현 이사님과 빌 영 크리에이티브 디렉터가 찾아왔었습니다. 아무런 론칭을 한 상황이 아니었는데 먼저 '칸'에 가자고 제안을 했었습니다. 저희는 잃을 게 없으니 좋다고 생각했습니다. 칸 국제광고제를 준비하기 위해 LA로 가서 서비스플랜코리아와 함께 작업했습니다. 오래된 광고회사인데 그때 창사 이래 세계 3대 광고제의 상을 가장 많이 수상했었습니다. 올해도 뉴욕페스티벌 그랑프리와 골드상을 탔으니까요. 그때부터 알렉스 쉴 서비스플랜 CCO(최고홍보책임자)와의 좋은 인연으로 이어지고 있습니다.Q. 글로벌 비즈니스를 하고 있는 dot의 김주윤 ,성기광 대표가 생각하는 세계시민이란?A. 전세계 다양한 환경의 사람들이 겪고 있는 문제를 공감하고 어떠한 형태로든 문제 해결에 동참해 다같이 살기좋은 사회를 만들어 나가는 자세라고 생각합니다.Q. 결국 기술보다 사람이 중요하고 우선이라는 말도 맞다. 어떤 사람을 만나는가에 따라 많은 일들이 일어나기도 한다.A. 맞습니다. 닷 워치를 하는 안드레야 보첼리와 스티비 윈더도 서비스플랜의 알렉스 CCO가 연결해 줬습니다.닷 워치를 들고 있는 스티비 원더와 김주윤 dot 대표. [사진 제공 = dot]닷 워치 기능을 설명하고 있는 김주윤 dot 대표와 안드레야 보첼리. [사진 제공 = dot]dot의 가치가 무한대로 여겨져 인터뷰를 하는 내내 가슴이 뛰었다. 사회적 약자를 보호해야 한다는 생각의 씨앗이 dot의 신화를 써내려간 기초가 되었기에 김주윤 대표와 성기광 대표의 발걸음에 무조건적인 응원의 박수를 보낼 수 밖에 없었다.인터뷰를 마치고 며칠 후 부산시 '국토교통부 2020스마트시티챌린지'예비사업에 최종 선정됐다는 소식이 도착했다. 315억규모의 배리어 프리 프로젝트는 '스마트기술로 무장애 교통도시 부산'을 구현한다는 목표에 최적화된기업 dot이 앞으로 전 세계 모든 국가에 무장애 도시를 실현하는 날이 멀지 않았음을 안다. 닷 패드가 3억명의 시각장애인들이 비시각장애인과 같이 세상과 소통하며 자율성, 독립성, 창의성을 찾아 삶의 질을 올려줄 수 있는마술램프 '지니'가 되어줄 것임을 믿는다.세계적인 명품 브랜드들과의 협업도 중요하겠다. 부유층의 명품브랜드 소비를, 예를 들어 버킨백을 구입하면 닷 패드를 자동 기부할 수 있도록 시스템화 시킨다면 명품을 파는 회사의 브랜드가 사회적 가치를 함께 창출하는 소비로 승화될 수 있지 않을까 생각해 본다.[배양숙 글로벌인사이트포럼 대표]▶네이버 메인에서 '매일경제'를 받아보세요▶'매일경제' 바로가기 ▶뉴스레터 '매콤달콤' 구독[ⓒ 매일경제 & mk.co.kr, 무단전재 및 재배포 금지]		"
9,2020.06.15. 오후 12:54,"""누구라도 같은 행동 했을 것""… 불길 속 운전자 구한 영웅","			부산에서 교통사고를 낸 60대 장애인의 생명을 구한 평범한 시민의 행동이 뒤늦게 알려져 잔잔한 감동을 안겨주고 있다.      고가도로 교각을 들이받은 승용차    지난 9일 오후 10시 40분쯤 부산 사상구 주례동 신주례 한 아파트 앞 도로에서 60대 장애인이 운전하던 아반떼 승용차가 핸들조작 미숙으로 도로 중앙 고가도로 교각을 충돌한 뒤, 엔진룸에서 화재가 발생했다.   사고 차량은 장애인용 LPG 차량으로 화제로 인한 폭발 위험이 높은 상황이었으며, 운전자는 사고 직후 의식까지 잃어 일촉즉발의 상황이었다.   사고 장소 인근에서 커피숍을 운영하던 이모씨는 사고 발생 당시 큰 소리와 함께 차량에서 불길이 치솟는 것을 발견하고, 가게에 비치된 소화기로 차량에 붙은 불을 껐다.   당시 사고현장 인근 횡단보도를 건너던 또 다른 이모(여)씨는 다른 시민의 도움을 받아 차량에서 의식을 잃은 운전자를 구조한 뒤, 응급조치를 실시했다.      아반떼 차량이 교각을 들이받고 불이난 장면. 부산경찰청 제공    병원에서 상담업무를 하는 이씨는 “제가 아닌 누구라도 (당시 상황을 보고) 똑같은 행동을 했을 것”이라고 덤덤하게 말했다.  15일 부산경찰청은 사고현장을 목격하고 적극적으로 운전자를 구출한 2명의 용감한 시민에게 표창장을 전달했다.   현재 병원에서 치료를 받는 운전자는 건강을 회복하고 있는 것으로 알려졌다.   부산=오성택 기자 fivestar@segye.comⓒ 세상을 보는 눈, 세계일보"
10,2020.06.23. 오후 1:16,"""현수막이 스쿨존 위협"" 해운대 사고 이후 법률 개정 추진","해운대을 김미애 의원 ""교통약자·보행자 위협하는 현수막 금지해야""도로교통법 등 법률 개정안 이번 주 안에 발의[부산CBS 송호재 기자]15일 부산 해운대구의 한 초등학교 앞 스쿨존에서 아반떼 차량이 보행로를 덮쳐 길을 가던 유치원생 A(6)양이 숨지고 A양 어머니가 다쳤다. (사진=부산경찰청 제공)부산 해운대 스쿨존 사망 사고와 관련해 정치권이 교통 약자와 보행자 안전을 위협하는 현수막 게첩을 금지하는 내용의 법률 개정을 추진한다.[6.15 부산CBS노컷뉴스=스쿨존에서 차량에 치인 유치원생 끝내 숨져]미래통합당 해운대을 김미애 의원은 이런 내용을 골자로 한 '도로교통법' 개정안과 '옥외광고물 등의 관리와 옥외광고산업 진흥에 관한 법률' 개정안을 이번 주 안에 발의할 예정이라고 23일 밝혔다.김 의원 측은 지난 15일 해운대구 재송동 반산초등학교 앞 스쿨존(어린이보호구역)에서 유치원생 A(6)양이 숨진 사고 이후 현장을 확인한 결과 도롯가 현수막이 보행자 안전을 위협할 수 있다고 판단했다.A양이 사고를 당한 곳은 반산초등학교 앞 인도다.길 한쪽은 높이 2m가 넘는 담벼락으로 막혀 있고, 반대편 도롯가에는 보행자용 안전 펜스가 인도와 차도를 구분하고 있다.경찰 등 관계기관 말과 사고 직전 CCTV 영상을 종합해 보면 당시 이 펜스 위쪽과 아래쪽에는 각각 현수막이 한 장씩 걸려 있었다.확인 결과 모두 해운대구가 내건 현수막으로 코로나19 방역 수칙과 긴급재난지원금 관련 안내 사항 등이 담겨 있었다.지역에서는 이 현수막이 도로 쪽 시야를 가려 피해가 더 커진 게 아니냐는 지적이 나오기도 했다.김 의원 측 역시 스쿨존을 비롯해 노인·장애인 보호구역 등에 설치된 현수막이 교통 약자의 안전을 위협할 수 있다고 보고 관련 법률 개정에 나섰다.특히 사고 현장은 내리막길이 끝 지점 삼거리로, 사전에 사고 위험이 높다고 판단할 수 있는 지점이라는 게 김 의원 주장이다.김미애 의원은 ""사고 지점은 내리막길 끝지점 T자형 도로 앞 인도로, 사전에 보행자 안전이 위협받을 수도 있다고 판단 가능한 구조다""며 ""하지만 인도와 차도를 구분하는 펜스에 현수막이 내걸려 있어 도로 쪽 시야를 전혀 확보할 수 없는 상황이었다""라고 전했다.이어 ""스쿨존뿐만 아니라 어르신이나 장애인 등 현수막이 교통 약자와 보행자 안전을 위협할 수 있다고 판단했다""며 ""생명을 보호하고 안전을 지키는 게 절대적으로 우선이다. 상황을 면밀히 분석해 이번 주에 개정안을 발의할 예정""이라고 설명했다.5일 부산 해운대구의 한 초등학교 앞 스쿨존에서 아반떼 차량이 보행로를 덮쳐 길을 가던 유치원생 A(6)양이 숨지고 A양 어머니가 다쳤다. (사진=부산경찰청 제공)지난 15일 오후 3시 30분쯤 반산초등학교 앞 도로를 지나던 A양은 B(60대·여)씨가 몰던 아반떼 차량이 치여 숨졌다.경찰에 따르면 B씨는 사고 지점에서 20m가량 떨어진 왕복 2차로에서 C(70대·남)씨가 몰던 싼타페 차량과 접촉사고를 낸 뒤 초등학교 쪽으로 돌진했다.CCTV 영상 등에는 B씨 차량이 1차 접촉사고 이후 갑자기 속도를 올려 보행로로 향하는 장면이 담겨 있다.경찰은 이를 바탕으로 정확한 사고 경위를 조사하고 있다.또 B씨 등에게 민식이법을 적용할 수 있을지 여부도 검토하고 있다.이른바 민식이법으로 불리는 '도로교통법 개정안'과 '특정범죄가중처벌등에관한법률개정안' 시행 이후 부산지역 스쿨존에서 발생한 사망 사고는 이번이 처음이다.▶ 확 달라진 노컷뉴스▶ 클릭 한 번이면 노컷뉴스 구독!▶ 보다 나은 세상, 노컷브이와 함께songas@cbs.co.kr저작권자 © CBS 노컷뉴스 무단전재 및 재배포 금지		"
11,2020.06.02. 오전 6:01,"전동킥보드 쌩쌩 달리는데, 자전거도로 예산은 '0원'","전용도로서 전동킥보드 주행 최선이지만부산시 인프라 확충 예산은 한 푼도 없어킥보드 보행자 섞여 '걷기 좋은 도시' 공염불전동킥보드가 자전거도로로 달릴 수 있는 길이 열렸지만, 자전거도로 인프라는 열악하기만 하다. 전동킥보드 공유업체 라임코리아의 라임 안전 도우미들이 지난달 21일 부산 광안리 해수욕장에서 라이더들에게 안전한 주행 방법 교육을 실시하고 있다. 연합뉴스자전거도로에서 전동킥보드를 탈 수 있는 길이 열렸지만, 인도와 자전거도로가 함께 있는 '자전거·보행자겸용도로(이하 겸용도로)'가 압도적으로 많은 부산(busan.com 5월 29일 보도)에서는 사고 우려도 크다. 다만 인도와 차도 사이에 분리된 '자전거전용도로(이하 전용도로)'에서는 전동킥보드 속력을 시속 20km 이상 내면서 비교적 안전하게 탈 수 있다. 지난달 20일 국회를 통과한 도로교통법 개정안은 오는 12월부터 전동킥보드의 자전거도로 주행을 허용하고 이용 가능 연령을 만13세 이상까지 낮춰 '개인형이동수단(PM·Personal Mobility)' 이용자도 폭증할 것으로 예상된다. 그럼에도 정부와 지자체는 전용도로 등 인프라 확충에는 아예 손을 놓고 있다.■쑥쑥 크는 PM 시장전동킥보드 공유 서비스 시장이 지난 1년 사이 6배가량 성장한 것으로 드러났다. 모바일인덱스 제공현재 국내에서 서비스를 진행하고 있는 전동킥보드 공유업체는 16곳으로 이중 3곳이 외국계 업체다. 업계 '빅3'로 통하는 곳은 국내 업체인 '씽씽'과 '킥고잉', 미국 회사인 '라임'이다.빅데이터 플랫폼 '모바일인덱스'가 지난달 25일 펴낸 보고서를 보면 전동킥보드 공유 서비스가 2019년에 견줘 급격히 성장한 것으로 드러났다. 전동킥보드 앱(안드로이드 기준) 사용자 현황을 보면 지난해 4월에 3만 7294명이었지만, 올 4월에는 21만 4451명으로 6배 가까이 증가한 것이다. 이중 20~30대가 전체 사용자의 63%를 차지했다.코로나19의 여파로 전동킥보드 사용자도 증가한 것으로 추정된다. 모바일인덱스 제공전월대비 사용자도 급증했다. 킥고잉의 올 4월 이용자는 3월보다 79%, 씽씽은 76% 늘었다. 모바일인덱스는 이처럼 전동킥보드 앱 사용자의 증가 원인으로 코로나19를 지목했다. 대중교통을 통한 감염 우려가 커지자 혼잡한 버스, 도시철도보다 PM을 사용하는 이들이 늘어난 것이다.전동킥보드의 신속·편리성을 옹호하는 시민들도 늘고 있다. 앞서 <부산일보>가 보도했던 '전동킥보드 자전거도로서 달려라? 사실상 인도서 타라는 말' 기사에 댓글을 남긴 아이디 'yoan****' 독자는 ""현재 차가 밀리는 도로 상황에서는 전동킥보드가 획기적인 교통수단인 것 같다. 이용해 보니 정말 편리하다""고 말했다.자신을 울산 사람이라고 소개한 아이디 'ente****'은 ""부산의 바다에 놀러갈 때마다 교통이 불편해 '교통 지옥'을 방불케 한다""면서도 ""해운대 부산동부버스터미널에서 전동킥보드를 타고 너무 편하게 구석구석 다닐 수 있었다""고 전했다.■기존 전용도로도 사라질 판2009년 5월 14일 부산시의회 건교위 의원들이 부경대 앞 자전거전용도로에서 자전거를 타고 있는 모습. 해당 전용도로는 트램 설치 때문에 철거 위기에 놓여 있다. 부산일보DB이처럼 PM 시장의 가파른 성장에 대비해 전동킥보드를 안전하게 탈 수 있도록 자전거도로 인프라 정비도 반드시 이뤄져야 한다. 특히 전동킥보드 운전자와 보행자 모두를 보호할 수 있는 전용도로 확충은 필수다.그럼에도 전용도로 추가 신설은커녕 오히려 시민들이 이용하고 있는 전용도로마저 사라질 위기에 처한 곳도 있다. 2009년 설치된 부산 남구 도시철도 2호선 경성대·부경대역~(주)한탑 1.2km 구간이다. 이 지역은 무가선 저상트램 건설이 확정돼 좁아진 차로 확보를 위해서는 전용도로를 철거할 수밖에 없다고 한다. 게다가 자전거 통행도 많지 않아 철거 여론이 비등하고 있다. 남구청도 지난해 2월 부산시에 공문을 보내 해당 전용도로를 철거해줄 것을 요청하기도 했다.앞으로 전용도로 추가 신설도 여의치 않아 보인다. 부산시가 2018년 수립한 '자전거 이용 활성화 계획'을 보면 2019년부터 2023년까지 168억여 원을 들여 자전거도로 38개 노선(72.27km)을 새로 만들겠다는 계획이만, 현재까지 반영된 예산은 단 한 푼도 없다.부산시 관계자는 ""이명박 정부 때는 자전거 타기를 장려해 국비 예산도 많이 내려왔지만, 현재는 그렇지 않다""며 ""계획된 노선 중에서도 실시설계 단계까지 가야 전용도로 확정 여부를 알 수 있다. 전용도로를 지으려면 차로를 줄여야하기 때문에 쉽지 않다""고 말했다.공유자전거 '따릉이'를 운영하고 있는 서울시의 자전거전용도로 설치율은 15.8%에 불과하지만, 도로 길이로 따지면 부산(49.28km)의 3배인 148.7km에 달한다. 따릉이 자전거를 소독하는 모습. 서울시 홈페이지공유자전거 '따릉이'를 운영하는 서울시의 자전거도로 사정은 어떨까? 서울의 전용도로 길이는 부산(49.28km)보다 3배나 긴 148.7km에 이르고, 비율도 부산(11.1%)보다 4.7%포인트 높다. 서울 전체 자전거도로가 부산보다 2.4배 길지만, 전용도로는 격차가 이 보다 더 크다는 점을 염두에 둔다면 확실히 서울의 자전거도로 인프라가 잘 갖춰진 셈이다. 반면 서울의 겸용도로 비율은 전체 자전거도로의 66.1%로 부산(88.41%)보다 낮다서울시 관계자는 ""앞으로 신설하는 자전거도로는 가급적 전용도로 형태로 지을 것이다""면서 ""전동킥보드의 자전거도로 허용이 쟁점으로 떠오른만큼 설계 기준 변경 등 세부적인 사안을 고민하고 있다""고 답변했다.■'걷기 좋은 도시'는 언제?부산시는 지난해 9월 광역단체 중 처음으로 '부산시민 보행권리장전'을 선포했다. 장애인을 비롯한 보행약자 이동권을 확보하기 위해서다. 이를 위해 130곳에 시비 110억 원을 들여 '무장애 보행길' 선도사업을 진행한다는 계획이다. 또 오는 2022년까지 시 전역에서 안전하고 편리하게 이동할 수 있는 보행길을 만들겠다는 청사진도 제시했다.부산관광공사는 지난달부터 '2020년 걷기 좋은 부산, 미션 워킹투어'를 운영하기 시작했다. 공사는 미션 워킹투어에 부산 각 지역의 테마 코스를 걷고 즐기는 도보 투어 관광 상품으로 지역 역사와 문화, 쇼핑, 먹거리 등을 함께 접목했다. 코스는 남구 평화로, 동구 타오르길, 수영구 짝지길, 중구 지름길, 영도구 지림길 등 5개 정규투어 코스와 특별투어 코스인 해운대 부산영화축제의 거리 등 모두 6개로 이뤄져 있다.부산관광공사의 '2020년 걷기 좋은 부산, 미션 워킹투어' 포스터. 부산일보DB이처럼 부산시는 시 대표 정책 중 하나로 걷기 좋은 도시를 앞세워 대대적인 투자에 나서고 있지만, 전동킥보드라는 '복병'을 전혀 예상하지 못했다. 현재 라임사는 남구와 수영구, 해운대 지역에서 전동킥보드 서비스를 제공 중인데, 부산관광공사가 미션 워킹투어로 지정한 남구 평화로에도 라임 전동킥보드가 심심찮게 다닌다. 결국 자전거도로 인프라를 확대하지 않는 한 보행자와 전동킥보드, 자전거가 뒤섞여 이동하게 돼 '걷기 좋은 도시'도 요원해진다.도로교통공단 부산지부 임창식 박사는 ""인프라를 짧은 시간 내 바꾸기는 쉽지 않다""면서도 ""우선 개정된 도로교통법이 시행되기 전까지 고르지 못한 노면 정리나 진입 턱을 낮추는 등 기존 자전거도로를 정비하는 방향으로 전동킥보드 운전자와 보행자 모두 보호해야 한다""고 말했다.황석하 기자 hsh03@busan.com▶ 네이버에서 부산일보 구독하기 클릭!▶ '터치 부산' 앱 출시, 부산일보 지면을 내 손 안에!▶ 부산일보 홈 바로가기"
12,2020.06.14. 오후 7:12,"무더위 쉼터 절반 넘게 문 닫아, 취약층 올해 폭염 어쩌나","지자체가 운영하는 ‘무더위 쉼터’가 코로나19 감염 확산 우려로 대부분 문을 닫아 쪽방 거주자 등 폭염 취약계층이 한여름 무더위에 심각하게 노출될 우려가 높아지고 있다. 부산일보 DB“벌써 앉아만 있어도 땀이 나는데, 경로당도 지난달부터 문을 닫았습니다. 더 더워지면 어디서 더위를 피할지 벌써 막막합하다.”매해 무더위 쉼터로 지정된 경로당에서 여름을 보낸 강 모(71·부산 서구 충무동) 씨는 본격적인 여름철을 앞두고 고민이 깊다. 냉방시설 없는 한 평 남짓한 방에서 홀로 사는 강 씨는 “코로나 때문에 여름이 오기도 전에 경로당이나 복지회관 등이 문을 닫았다”며 “유일하게 할 수 있는 것이라곤 밖에 나와서 부채질하는 것밖엔 없다”고 한숨을 내쉬었다. 무더위 쉼터로 지정된 은행이나 다른 관공서 일부 문을 열었지만 대중교통을 이용해야만 갈 수 있을 정도로 멀어, 포기했다. 강 씨는 “20분 정도 걸어가면 은행이 있는데, 여름철에 걸어가기엔 너무 멀다. 인근에 자주 가던 공원도 폐쇄됐다. 혼자 사는 노인이라 혹시 열사병으로 쓰러지면 발견되지 못한 채 죽을까 두렵다”고 토로했다.코로나로 쉼터 1200여 곳 중900여 곳 문 닫거나 폐쇄 예정문 연 쉼터도 거리 두기 유지로수용 인원 적게 받아야 할 상황구·군, 감염-폭염 대책 간 고민코로나19 유행에 따른 감염우려로 지자체가 매해 운영해 오던 ‘무더위 쉼터’의 75% 이상을 문닫는다. 이 때문에 쪽방 거주자 등 폭염 취약계층이 한여름 무더위에 심각하게 노출될 우려가 높아지고 있다.부산 15개 구·군은 올해 약 4만 명을 수용할 수 있는 무더위 쉼터 1200여 곳을 지정했으나 코로나19로 인해 75% 이상 문을 닫았다고 14일 밝혔다. 해운대구는 아직 쉼터를 지정하지 않았다. 특히 부산 지역 대부분의 경로당 등 노인시설과 복지회관 등은 사회적 거리 두기 지침에 따라 이미 지난달부터 문을 닫은 상태다. 무더위 쉼터 1200여 곳 중 900여 곳은 이미 문을 닫았거나 폐쇄 예정이다. 나머지 문을 연 300여 곳도 사회적 거리 두기에 따라 이용 가능한 인원이 절반 이상 줄 전망이다.한 구청 관계자는 “그나마 문을 여는 무더위 쉼터도 질본 지침에 따라 사회적 거리를 유지하기 위해서 인원을 적게 받을 수밖에 없는 상황”이라고 말했다. 각 지자체는 코로나19의 확산 추세에 따라 나중에 개방을 고려할 방침이지만 현재로서는 폐쇄밖에 답이 없다고 전했다.국토교통부에 따르면 부산에는 쪽방 461가구, 고시원 268가구 등이 있다. 이 수치는 신고된 가구만 포함한 것으로, 미신고 시설까지 포함하면 수천 가구에 수만 명이 다리도 펴기 힘든 좁은 방에서 생활하는 것으로 추산된다. 이곳에는 냉방시설이 설치되지 않은 곳이 많은 데다 혼자 사는 가구 비율도 높아 온열질환의 위험성이 높다.기상청 전망에 따르면 매년 폭염일수가 증가하고 폭염 시작일도 당겨지고 있다. 1973년에서 지난해까지 총 47년간 평균 폭염일수는 10.9일로, 1980년대 8.2일에서 2010년대에는 15.5일로 늘어났다. 폭염 시작일도 계속해서 빨라지고 있다. 기상청은 올해 여름철 평균기온이 평년보다 높고 폭염일수도 10일 이상 이어질 것으로 전망하고 있다.지자체들은 감염우려와 폭염 대책 사이에서 깊은 고민에 빠져 있다. 무더위 쉼터를 대체하기 위해 폭염을 예방할 수 있는 양산, 쿨토시 등의 용품을 나눠주는 방안을 고려 중이지만 장시간 더위를 막을 수 있는 근본적인 대책을 마련하기 어려운 상황이다. 사회적 거리를 유지하면서 많은 인원이 이용할 수 있는 무더위 쉼터 공간을 마련하는 것도 쉽지 않다. 폭염 취약 계층은 이동에 불편을 겪는 노약·장애인 소외 계층이 많아 가까운 무더위 쉼터가 문을 닫으면 이들은 폭염에 노출되는 주거지에서 장기간 머물 수밖에 없다.한 구청 관계자는 “현재는 모든 업무가 코로나19 감염 예방에 초점이 맞춰져 있다. 많은 인원이 거리를 두고 쉴 수 있는 다른 장소를 모색하고 있지만 무더위 쉼터 지정도 건물의 소유자 와 관리자와 협의를 통해 결정해야 한다. 코로나19가 유행하는데 공간을 내어 줄지 모르겠다”고 밝혔다.박혜랑 기자 rang@busan.com▶ 네이버에서 부산일보 구독하기 클릭!▶ '터치 부산' 앱 출시, 부산일보 지면을 내 손 안에!▶ 부산일보 홈 바로가기"
13,2020.06.30. 오전 6:03,스물일곱 아들 씻기고 먹이고… 넉 달째 ‘돌봄 사투’에 갇히다 [이슈&현장],"코로나 불똥 맞은 중증장애인 가정 / 복지관 등 시설 휴관… 보조사 지원 끊겨 / 문 열어도 차량 중단… 이용 엄두도 못 내 / 감염땐 전담병원 입원 어려워 외출 꺼려 / 24시간 가족 몫… 극심한 스트레스 시달려 /  87% “외출 못 해 도전적 행동 늘었다” / 최근 광주·제주선 母子 극단적 선택도 / 정부, 장애인 감염병 대응 매뉴얼 마련 / “장애 특성 무시한 채 너무 단순” 지적    광주 북구 한 장애인주간보호센터에서 발달장애인들이 돌봄교육을 받고 있다. 광주=한현묵 기자    무더위가 기승을 부린 지난 26일 오전 9시쯤, 광주광역시에 사는 김모(60·여)씨는 발달장애 1급인 아들 A(27)씨를 깨웠다. 평소처럼 아들을 욕실에 데려가 양치와 세수를 시키는 데만 30분가량 걸렸다. 아침 식사 때는 아들이 좋아하는 반찬만 골라 떠먹여줬다. 초등학생만 돼도 스스로 할 수 있는 일이지만 A씨에겐 엄마가 없다면 불가능한 일이다. A씨는 식사 후 컴퓨터와 스마트폰 게임을 하더니 오전 11시쯤 갑자기 바깥에 나가자고 졸랐다.  신종 코로나바이러스 감염증(코로나19) 사태가 본격화하기 전까지 A씨는 이 시간에 장애인주간보호센터의 통학차량을 탔다. 보호센터에서 생활하다 오후 4시쯤 다시 통학차량을 타고 귀가했다. 하지만 지난 2월 25일 코로나19 위기 경보가 ‘경계’에서 ‘심각’ 단계로 상향되고, 주간보호센터와 복지관, 직업재활시설 등 모든 장애인 시설이 문을 닫으면서 상황이 달라졌다. 장애인들이 외출해서 안전하게 머무를 수 있는 공간이 모두 사라진 것이다. 아들이 보호센터에 있는 시간 동안 집안일 등 개인적 용무를 처리하거나 쉴 틈을 찾았던 김씨의 ‘자유시간’도 동시에 사라졌다.  이날 아들이 돌출행동을 할까봐 가슴을 졸이던 김씨는 외출 준비를 했다. “아들, 남색 반팔 입을래 아니면 체크무늬 티를 줄까.” A씨는 들은 척도 하지 않았다. 고개를 위아래로 움직이면서 손가락을 맞대고 흔드는 동작만 반복했다. 엄마와 의사소통을 할 마음은 전혀 없어 보였다. 그러다 30분이 지나 김씨가 옷 갈아입히는 것을 포기할 때쯤 “저 옷 주세요”라며 입을 뗐다. 김씨는 “자기만의 세계에 사는 발달장애인들이 무슨 생각을 하는지 알 수가 없다”며 “이럴 땐 다그쳐서는 안 되고 무조건 기다리는 수밖에 없다”고 설명했다.  어느새 시계는 낮 12시30분을 가리켰고, 막상 외출 준비가 끝나자 A씨는 자기 방으로 들어가 버렸다. 이어 방과 현관문을 수차례 왔다갔다한 후에야 신발을 신었다.   ◆장애인 시설 휴관… 넉달째 ‘돌봄과의 사투’  김씨처럼 코로나19 이후 장애인을 둔 부모는 ‘돌봄과의 사투’를 벌이고 있다. 벌써 4개월째다. 지난달부터 장애인 시설이 부분적으로 문을 열고 긴급돌봄이 필요한 장애인을 돌보고 있다. 하지만 상당수 장애인 가족은 코로나19 감염 우려와 통학차량을 운행하지 않는 불편 때문에 장애인 시설에 보내지 않고 있다.  장애인 부모들은 코로나 시대 주변의 따가운 눈총 때문에 외출을 포기한 채 ‘갇힌 생활’을 하기 일쑤다. 김씨도 이날 아들을 데리고 어렵게 외출했다가 바로 귀가했다. 아들이 5년 전부터 강박관념이 생기면 크게 기침하는 버릇이 있었는데 엘리베이터에서 마주친 낯선 택배기사를 보자 연거푸 기침을 한 것이다. 주위의 싸늘한 시선에 김씨 모자는 중간층에서 내렸고, 두 시간 동안 준비한 외출은 물거품이 됐다.  코로나19 이후 장애인 가족들의 가장 큰 고통은 24시간 장애인 돌봄을 오롯이 책임지게 된 것이다. 코로나19 지역 확산 우려로 평소 이용하는 장애인 시설이나 활동보조(지원)사의 도움을 받는 게 어려워졌기 때문이다. A씨 같은 발달장애인뿐만 아니라 뇌병변과 뇌전증, 호흡기 등 도움의 손길이 꼭 필요한 장애인들의 경우 코로나19 여파로 대다수가 일상이 마비된 셈이다. 그 부담은 고스란히 가족들이 떠안게 됐다.     ◆자가격리 땐 홀로 의식주 해결 ‘죽음의 공포’  뇌병변(1급)과 지체장애 등 복합장애가 있는 대구 시민 이모(40)씨는 코로나19 확진자와 접촉해 자가격리됐던 경험을 떠올리며 몸서리를 쳤다. 이씨는 “14일간 집에서 나홀로 지내는데 죽음의 공포까지 느꼈다”고 털어놨다.  그는 지난 2월23일 장애인자립생활센터 동료의 활동보조사가 코로나19가 확진된 후 접촉자로 분류돼 자가격리됐다. 활동보조사 접촉도 차단된 2주간 집 안을 한쪽 팔로 기어다녀야 했고, 청소나 빨래, 설거지는 물론 밥도 제대로 못 먹었다. 구호물품으로 받은 쌀, 라면 등도 무용지물이어서 두유와 양파즙, 미숫가루로 버텼다. 이씨는 “코로나19 사태가 길어지면서 점점 우울해지고 있다”고 토로했다.  중증장애인이 코로나19에라도 걸리면 더 심각한 상황에 처해진다. 전담병원 입원도 쉽지 않고 입원하더라도 의료진과의 소통, 활동보조사 부재 등의 문제로 치료가 원활하지 않다.    29일 보건복지부에 따르면 지난해 말 기준 전국에 등록된 장애인은 발달장애인(지적·자폐성 장애 24만1614명)을 비롯해 모두 261만명에 달한다. 특히 발달장애인처럼 종일 집에서 돌봐줘야 하는 해당 가족은 코로나19 이후 심한 스트레스에 시달리고 있다. 전국장애인부모연대가 최근 발달장애인 부모 1585명을 대상으로 설문조한 결과 87%가 ‘발달장애인의 생활패턴이 부정적으로 변했다’고 응답했다. 외부활동제한으로 발달장애인들의 도전적인 행동이 늘고 있다는 얘기다.    급기야 성인 발달장애인 가정에서 극단적 선택을 하는 사례까지 나왔다. 광주에 사는 B씨는 지난 2월 주간보호센터가 문을 닫은 뒤 혼자서 발달장애인 아들을 돌보는 데 한계를 느껴 3, 4월 두 달간 아들을 정신병원에 입원시켰다. 하지만 아들이 스트레스를 받아 집으로 데려왔으나 돌보기가 힘들어 장애인시설을 알아보다 결국 찾지 못했다. 주변에 “성인이 된 아들을 집에서 돌보는 게 너무 힘들다”고 토로하던 B씨는 아들을 데리고 극단적 선택을 했다.  지난 3월 제주에서도 C(49)씨가 특수학교에 다니던 고교생 아들의 개학이 연기되고 장애인 복지시설까지 모두 휴관하자 며칠을 버티다 아들과 함께 세상을 떠나는 길을 택했다.  ◆정부, 뒤늦게 장애인 대상 매뉴얼 내놨지만 실효성 의문  이처럼 코로나19 사태에 생존권 자체를 위협받는 장애인과 가족들의 고통이 가중됐지만 정부는 지난 24일에야 ‘장애인 대상 감염병 대응 매뉴얼’을 마련했다. 하지만 이 매뉴얼로는 국가적 재난 상황에서 장애인들이 제때, 적절한 조치를 받을 수 있을지 의문이라는 지적이 많다.  매뉴얼은 코로나19 같은 감염병이 발생했을 때 장애인들이 어떻게 대응해야 하는지 ‘장애 유형별’로 제시하고 있다. 예컨대 시각, 청각, 발달장애인 등 의사소통에 불편을 겪는 장애인들에게 그림설명판과 수어통역 지원 등으로 정보 접근성을 높이도록 했다. 보호센터 등 장애인 시설을 폐쇄할 때 임시시설이나 주변 생활치료센터, 병원 등을 활용하도록 했다. 전근배 대구장애인철폐연대 정책국장은 “매뉴얼의 시의성도 떨어지지만 코로나19 장기화에 따른 생활 전반의 대응책이 빠져 있다”고 꼬집었다.  장애유형별로 대응법을 제시한 것도 문제다. 부산의 한 발달장애인은 휠체어를 사용하지 않지만 혼자서 버스 등 대중교통을 이용할 수 없다. 그러나 매뉴얼대로라면 이 장애인은 이동지원을 받기 어렵다.  김신애 전국장애인부모연대 중복장애 특별위원장은 “매뉴얼이 장애 특성을 무시한 채 행정적 편의상 너무 단순하게 만들어졌다”며 “적어도 WHO(국제보건기구)에서 권장하는 ICF(국제 기능·건강·장애 분류) 기준이라도 참고해서 만들었어야 했다”고 강조했다. 뇌성마비와 발달장애가 있는 한 장애인은 코로나19 확진판정을 받아 입원하고도 병원에 생활지원 인력이 없어 큰 고충을 겪었다. 매뉴얼대로 해도 이 상황은 크게 달라지지 않는다. 현장에서 적절한 대처가 가능하도록 매뉴얼이 정교하게 짜여 있지 않다는 얘기다.  염민호 한국지체장애인협회 대외협력부 국장은 “장애인에게 코로나19와 같은 감염병 사태는 생사의 갈림길에 선 공포 그 자체”라며 “메르스 사태 이후부터 구체적이고 실무적인 대응을 할 수 있는 매뉴얼을 마련해 달라고 요구했지만 제대로 반영되지 않았다”고 지적했다.  강민희 호남대 교수(사회복지학)도 “장애인의 가족이 확진돼 격리됐을 때 독거상태에 놓인 장애인이 어디로 연락해야 하는지, 자립생활센터와 행정복지센터 등에 연락하면 어떻게 서비스를 연계해 줄 것인지 등 (실효성 있는 대책이) 세세하게 마련돼야 한다”고 강조했다.   광주·울산·대구=한현묵·이보람·김덕용 기자 hanshim@segye.comⓒ 세상을 보는 눈, 세계일보"
14,2020.06.17. 오후 2:22,"[밀양24시] ""삼문동에 활력 불어 넣는다"" LH와 도시재생 뉴딜사업 업무협약","""장애인도 불편 없게"" 지역사회 전등리모컨 설치점포환경개선 지원, 소상공인에 실질적인 도움 '인기'밀양소방서, 매실 농가 찾아 일손돕기 '구슬땀'과거 시청, 법원, 검찰청, 경찰서 등 공공기능이 밀집된 경남 밀양시의 중심지였으나, 공공시설이 이전되고 신도심이 개발되면서 인구감소와 상권이 쇠퇴하고 있는 삼문동 구도심 일원에 새로운 활력을 불어넣을 '삼문동 도시재생 뉴딜사업'이 시작된다. 밀양시가 삼문동 도시재생 뉴딜사업 관련으로 한국토지주택공사 경남지역본부와 16일 총괄사업관리자 업무협약을 체결하고 있다. ©밀양시밀양시는 한국토지주택공사(이하 LH) 경남지역본부와 이 사업추진을 위해 16일 총괄사업관리자 업무협약을 체결했다고 밝혔다. 총괄사업관리자 제도란 도시재생사업을 체계적이고 효율적으로 추진하기 위해 지자체가 공공기관, 지방공사 등을 총괄사업관리자로 지정해 사업의 일부를 대행 또는 위탁하는 제도를 말한다.LH 경남지역본부는 삼문동 도시재생 뉴딜사업의 총괄사업관리자로 참여해 삼문동 행정복지센터 신축 등 거점개발사업의 시행과 도시재생현장지원센터 운영을 위탁받아 사업을 추진할 예정이다.박일호 밀양시장은 ""공공시설이 이전되고 신도심이 개발되면서 인구감소와 상권이 쇠퇴하고 있는 삼문동 구도심 일원을 한국토지주택공사와 협력해 다시 활력을 불어넣을 수 있도록 최선을 다하겠다""고 말했다.한편 밀양시는 삼문동 구도심 일원을 대상으로 하는 삼문동 도시재생 뉴딜사업을 오는 29일 국토교통부 도시재생 뉴딜 신규사업으로 신청할 예정이다.밀양시시설관리공단 만능수리공 봉사단이 내이동 장애인가정에서 전동리모컨을 설치하고 있는 모습. ©밀양◇""장애인도 불편 없게"" 지역사회 전등리모컨 설치밀양시는 산업용 무선제어 분야 선두주자인 티유(대표 이원희)와 밀양시시설관리공단(이사장 이병희), 경남시각장애인복지연합회 밀양지회(지회장 장은섭)가 장애인가정을 위해 함께 손을 잡고 19일까지 장애인가정 10세대에 전등리모컨을 설치한다고 전했다. 이번 전등리모컨 설치사업을 위해 장애인협회에서 선정한 장애인 가정에 티유에서 지원한 리모컨 기기를 밀양시시설관리공단 만능수리공 봉사단이 재능기부를 해 스마트 리모컨 설치와 함께 가스‧전기 등 시설물 안전점검과 수리를 진행했다. 전동리모컨은 평소 장애로 일상생활에 불편을 겪는 장애인 가정에 장애인 스스로 리모컨을 이용해 전등을 쉽게 소등·점등할 수 있도록 함으로써 중증장애인들의 생활이 편리해질 뿐만 아니라 가정 내에서부터 장애없는 공간이 활력소가 돼 지역사회의 일원으로 소소한 행복을 누리고 긍정적인 삶을 살 수 있도록 도와주게 된다.장애인에 대한 많은 관심으로 공공시설에 장애인 편의시설이 늘어나고 있으나, 정작 생활의 본거지인 자택에서 생활하는 장애인들에 대한 편의는 비교적 사소하거나 개인적인 영역이라 개선하기 힘든 경우가 많다.특히 몸이 불편한 장애인들은 전등을 켜고 끄는 일이 어려워 전등을 아예 끄고 생활하거나 켜놓고 생활하는 등 일상생활에 많은 어려움이 있다.이병희 이사장은 ""밀양시시설관리공단의 손길이 필요한 곳에는 언제든지 '만능수리공 봉사단'이 달려가서 재능기부를 실천하며, 고객감동과 지역상생을 위해 앞장서겠다""고 밝혔고, 티유 이원희 대표는 ""앞으로도 장애인에 대한 관심을 꾸준히 가지고 함께 할 수 있는 사회가 만들어지도록 노력하겠다""고 말했다.소규모 경영환경개선 후 모습. ©밀양시◇점포 환경개선 지원, 소상공인에 실질적인 도움 '인기'""코로나로 인해 몇 달 동안 손님이 없어 너무 힘든 시기를 보냈습니다. 하지만 최근 시에서 지원해준 비용으로 전체 입식테이블로 교체하게 됐고, 오시는 손님들이 너무 좋아합니다. 힘든 시기를 이길 수 있게 힘을 준 밀양시에 너무 감사드립니다.""밀양시가 시행하고 있는 소규모 경영환경개선 사업이 코로나19 사태 장기화로 어려움을 겪고 있는 소상공인과 시민들을 모두 만족시켰다는 평가를 받고 있다. 이에 따라 시는 당초 33개소에서 10배 확대한 333개소에 지원하기로 했다.소규모 경영환경개선 사업은 위생상의 문제를 고려하고, 장애인, 고령자 등 사회적 약자와 입식문화에 익숙해진 현대인들을 배려한 환경개선 사업이다.이 사업은 밀양형 지역경제 활성화 특별대책 중 하나로, 점포 내·외부 인테리어 개선, 입식 테이블 교체 등 점포의 낡고 지저분한 곳을 깔끔하게 변화시켰다. 특히 좌식 테이블에서 입식 테이블로 교체하면서 더욱 청결해진 식당 분위기에 이용객들 모두 만족함을 보이고 있다.경영환경 개선사업은 2018년부터 시작됐으며, 연간 20~30개 점포만 선정해 사업을 시행해 왔으나, 코로나로 인해 향후 10년간의 사업량을 한 해에 확대 추진하게 됐다. 이 사업으로  밀양시도 시대 변화의 흐름에 맞춰 도시다운 면모를 갖춰 나가고 있다. 박일호 시장은 ""소상공인 점포환경 개선사업은 상인과 시민 모두의 만족도가 높은 사업인만큼 많은 수요가 있고, 골고루 혜택이 주어지도록 지원을 아끼지 않겠다""고 말했다.매실 농가 찾아 일손돕기를 하고 있는 소방공무원들. ©밀양소방서◇밀양소방서, 매실 농가 찾아 일손돕기 '구슬땀'밀양소방서(서장 손현호)가 코로나19로 인해 인력 수급에 어려움을 겪는 지역 농가를 지원하기 위해 나섰다. 소방공무원 20여 명은 지난 16일 삼랑진읍 농가를 찾아 매실 수확 일손을 도왔다.소방공무원들은 이날 오전부터 오후까지 매실 수확, 선별 작업, 농장 주변 정리 등 실질적으로 농가에 도움이 되는 활동을 펼치며 구슬땀을 흘렸다.밀양소방서는 코로나19로 어려움을 겪는 농가에 꾸준히 도움의 손길을 내밀고 있다. 지난 4월에는 의용소방대원들이 산내면과 무안면 등지에서 맥문동, 고추 수확을 도우며 지역 농가의 어려움 극복을 도왔다.이날 봉사에 참여한 삼랑진119안전센터 직원은 ""오늘 봉사가 조금이나마 농가에 도움이 됐기를 바란다""며 ""항상 소방공무원은 시민의 어려움에 가장 먼저 달려가겠다""고 소감을 전했다. 부산경남취재본부 김완식 기자 sisa512@sisajournal.com<저작권자 ⓒ 시사저널, 무단 전재 및 재배포 금지>☞ 네이버에서 시사저널 뉴스를 받아 보세요 ▶ 시사저널 최신호 보기 ▶ 시사저널 유튜브 채널 '시사저널TV' 보기"
15,2020.06.03. 오후 8:21,"김미애 비대위원 ""암투병 엄마 리어카 간병, 그 초심으로…""","약자와의 동행, 진취적 통합당 추구할 것국민께 평안한 일상을 돌려 드릴 것국민이 정치하는 이상한 나라, 바꾸겠다기업살인법 필요, 다듬어서 통과시켜야CBS '시사자키 정관용입니다'■ 방 송 : FM 98.1MHz (18:25~20:00)■ 방송일 : 2020년 6월 3일 (수요일)■ 진 행 : 정관용 (국민대 특임교수)■ 출연자 : 김미애 (미래통합당 비대위원)◇ 정관용> 오늘은 아마 미래통합당 초선 의원 가운데 가장 주목되는 분 아닌가 싶어요. 방직공장 여공 출신의 변호사. 결혼하지 않았지만 아이 셋을 키우는 싱글맘. 이번에 비대위원까지 되신 미래통합당의 김미애 의원을 함께 만나보겠습니다. 어서 오십시오.◆ 김미애> 반갑습니다.◇ 정관용> 부산 해운대을 지역구.◆ 김미애> 맞습니다.◇ 정관용> 선거 운동하시면서 되겠다 싶으셨어요?◆ 김미애> 안 된다는 생각을 해 본 적이 없습니다, 사실.◇ 정관용> 처음부터?◆ 김미애> 제가 정치 시작할 때부터 해야 할 일이어서 시작했고 그래서 된다는 생각으로 정말 열심히 했습니다.◇ 정관용> 낙관적 마음으로? 상대가 현역의원이었잖아요.◆ 김미애> 그럼에도 불구하고 제가 늘 말씀드리는 게 저는 자리가 아니라 일을 하기 위함입니다. 게다가 제가 1년 동안 당협위원장을 했습니다.◇ 정관용> 이미.◆ 김미애> 그러면서 지역 구석구석의 밖에 나와 계시는 분들을 제가 여러 차례 뵙고 그분들이 많이 응원해 주셨습니다.◇ 정관용> 그래서 처음부터 된다?◆ 김미애> 그만큼 열심히 하겠다는 각오였습니다.◇ 정관용> 알겠어요. 어떠세요? 지금 임기 시작한 지 며칠 지났는데. 제가 조금 아까 미래통합당 초선 의원 가운데 아마 가장 주목받는 분 아닐까 싶어요. 온갖 언론에서 인터뷰도 제일 많이 아마 나온 분 같고 그렇죠? 게다가 비대위원으로까지 또 발탁되셨고. 어떠세요, 요즘 기분이?◆ 김미애> 사실 저는 많이 무겁습니다. 제가 서른넷에 사법시험을 합격하고 변호사를 하고 이후에 18년 흘러서 지금 여기 왔는데요. 사실은 그때도 많이 관심을 가졌지만 그때는 제가 거리두기를 일부러 했습니다. 시작도 전에 너무 떠버리면 제가 옳은 방향으로 가지 않을 것 같아서 스스로 경계를 했는데.◇ 정관용> 변호사 되셨던 그 당시에도? 그런데요?◆ 김미애> 그러고 제가 일을 잘해야 되겠다. 나한테 기회를 준 이 나라를 위해서 내가 물질이든 재능이든 나름대로 늘 나누려고 애를 써왔고 게다가 정치는 이제는 그때랑 다르게 제가 해야 할 일이 있는 겁니다. 그래서 해야 하는데 지금도 사실은 여기저기 다니고 제가 남 앞에 나서기보다 열심히 공부하고 연구하고 제가 약속한 공약들을 이행하는 데 제가 참 집중해야 되는데 마음이 참 불편합니다.◇ 정관용> 아까 스스로 쓰신 표현이 시작도 하기 전에 붕 떠버린 그거잖아요.◆ 김미애> 맞습니다.◇ 정관용> 그러나 정치는 변호사랑도 다르거든요.◆ 김미애> 그렇죠. 그래서 제가 감당을 합니다.◇ 정관용> 저희 프로그램 같은 데 나오시는 데 붕 뜬 게 아니고 어찌 보면 청취자들, 국민들과의 교감이란 말이에요.◆ 김미애> 맞습니다, 맞습니다.◇ 정관용> 우리 당에 지금 나 같은 사람이 와서 이렇게 변합니다라는 걸 보여주셔야 하잖아요. 그럼 안 다니실 수 없죠.◆ 김미애> 그래서 제가 합니다. 하는데 무겁기는 몹시 무겁습니다.◇ 정관용> 간략히 제가 여공 출신의 변호사 이랬는데 솔직히 여공 생활은 그리 길지는 않았죠?◆ 김미애> 여공은 열일곱살 5월, 6월부터 시작해서 스무살이 되는 2월 그때까지.◇ 정관용> 한 3년이요?◆ 김미애> 그다음에는 별의 별것 다 했죠. 판매점 점원, 알바 그다음에 식당도 운영하고 보험설계사도 하고 잡다한 거 다 했죠.◇ 정관용> 먹고사시느라?◆ 김미애> 먹고살고.◇ 정관용> 그때 무슨 조그마한 점포 하나를 하셔서 꽤 돈을 버셨다고.◆ 김미애> 꽤 벌기보다 사실 저한테는 상당히 큰돈이었죠. 20대 중반에 15평 식당을 해서 3000만 원을 모아서 그걸로 대학에 갈 돈을 마련했으니까요.◇ 정관용> 사법시험 준비는 몇 년?◆ 김미애> 5년 정도 했습니다.◇ 정관용> 사법시험 변호사 돼야 되겠다는 계기는 뭐였습니까?◆ 김미애> 그건 사실은 어린 시절 제 꿈은 의사였습니다. 의사였고 이미 중간에 그 꿈은 이제 달아났고 제가 스물아홉에 대학 갈 때는 그렇게 뛰어난 성적이 되지를 못했습니다. 11년을 공부 안 하다가 한 6개월 반 수능 공부하고 갔으니까 그래서 동아대 법대 야간에 갔고 그때는 이제 제가 뭘 해야 될까를 수능 공부하면서 고민을 했었고요. 그러면서 제가 만난 세상의 그런 부조리들 저도 직접 경험도 했고 또 타인에 가해지는 모습도 봤고 그러면서 누군가가 그냥 던지는 말로 너는 변호사 하면 잘하겠다 해서 저 사실 그게 뭔지도 몰랐습니다. 그게 머릿속에 남아 있었고 그래, 변호사 해 보자 그런 생각으로.◇ 정관용> 뭔가 억울한 일을 당했는데 도움 못 받고 그랬던 경험이 있으세요?◆ 김미애> 사실은 그때는 이렇게 제가 그렇게 억울하다는 생각을 못했고요. 저도 그런 경험을 했지만 제가.◇ 정관용> 주변에?◆ 김미애> 주변에 하는 거 보니까 저런 집은 좀 그냥 봐줘도 될 텐데. 제가 놀러 다녀보면 그보다 더한 집들은 그렇게 다 그냥 잘 넘어가고 저런 게 왜 저럴까 그런 의문을 갖고.◇ 정관용> 저런 게 뭐예요, 구체적으로?◆ 김미애> 단속도 안 하는 거죠. 2중, 3중 문 닫아놓고 무전기를 하는 데는 정부도 어떻게 알아서 잘라내고 정말 소규모 한 3평 정도 되는 점포의 할머니들이 운영하는 그런 데 단속 오는 거 보면서 마음이 아프고.◇ 정관용> 그게 행정관청이랑 결탁돼 있는 그런 거.◆ 김미애> 그래서 제가 그때도 캠코더를 사서 찍을까 혼자서. 그런 생각은 했었습니다.◇ 정관용> 그리고 결혼 안 하시고 셋 아이를 키우게 된 사연은 뭐예요?◆ 김미애> 그건 사실은 제가 엄마가 초등학교 5학년 때 암 말기 투병을 하면서 4년을 투병하고 중2 때 돌아가셨고 그 투병 과정에서 저는 그 나이로서는 엄마를 위해서 최선을 다했던 것 같습니다. 기도하는 아이로 엄마를 리어카에 태우고 교회를 다니고 그러면서 엄마의 생명이 연장되는 제가 여러 가지 기적 같은 일들도 있었고요. 그런데 엄마가 돌아가시면 사실은 그전에는 저도 따라 죽어야지 생각을 했습니다. 엄마 없는 세상을 도저히 꿈, 상상도 못했어요. 그런데 엄마가 돌아가시고 나니까 정말 암흑이었고 그리고 20살 넘게까지 그걸 받아들이기가 힘들었죠. 그리고 세상에 가장 볼 때 불쌍한 아이가 엄마 없는 아이였고. 그러면서 저는 참으로 저한테는 많은 고난들이 있었죠. 형부가 돌아가시고 언니도 가시고 이러면서 이제 큰형부가 가시고 둘째언니 가시고 이러면서 먼저 조카를 제가 조금 반은 돌보게 되는 계기가 있었고. 그 아이를 돌보면서 아이가 잘 자라는 모습을 보고 제가 보람을 느끼고 그러면서 나도 입양을 해야 되겠다 하고 한 그해에 작은언니가 백혈병으로 하늘나라 갔고 남겨진 조카를 또 안게 되고.◇ 정관용> 집안이 왜 이렇게 기구해요, 정말.◆ 김미애> 맞습니다.◇ 정관용> 그러니까 결국은 언니의 아이들 둘 그리고 직접 입양하신 아이. 이렇게 세 아이.◆ 김미애> 그런데 자꾸 잘못 보도되는 건 둘째 조카는 언니가 있고 건강을 회복해서 언니가 지금 돌보고 있고 지금은 언니가 집에 들어와서 저를 도와주고 있죠.◇ 정관용> 지금 몇 살, 몇 살들이에요? 그렇게 되면?◆ 김미애> 10살, 14살, 20살.◇ 정관용> 제일 큰아이는 다 컸네요.◆ 김미애> 다 컸습니다.◇ 정관용> 결혼은 왜 안 하셨어요?◆ 김미애> 할 생각을 안 한 건 아니고 때를 놓쳤고 아이 셋, 둘, 셋 키우는 사람과 쉽지 않을 것 같습니다.◇ 정관용> 그러네요, 그러네요. 인생역전은 대충 청취자분들한테 전해 드렸고 정치는 왜 하게 된 겁니까? 듣자 하니 김세연 의원이 그렇게 꼬셨다고 하던데요.◆ 김미애> 사실은 그 전에도 많은 분들이 김변은 정치하면 좋겠다는 말을 참 많이 들었습니다. 제가 2005년부터 15년간 부산에서 변호사를 하면서 제가 처음부터 여성아동인권운동을 스스로 찾아서 했었고요. 그러면서 제가 가장 마음에 둔 게 저 같은 아이들이었습니다. 제대로 돌봄받지 못해서.◇ 정관용> 어려서 부모를 잃고.◆ 김미애> 그러나 법으로서 미약한 그런 아이들이 이제 사고를 쳐서 소년원이나 소년분류심사원에 가는 아이들. 이 아이들도 건강한 사회인이 됐으면 좋겠다 싶어서 그 아이들의 위탁부모 위원도 했었고요. 보호자 역할을 하는 거죠.◇ 정관용> 천종호 판사랑 가까우시겠네요.◆ 김미애> 잘 알죠. 제가 그분보다 먼저 그런 활동들을 변호사로서 했습니다. 그리고 소년원, 소년분류심사원을 수십 차례 들락거리면서 그곳의 인권개선을 위한 활동도 하고 또 여성은 가정폭력, 성폭력 피해 여성들 또 장애인 지원하는 이런 것들을 계속하면서 또 지역신문에 칼럼도 쓰고 때 될 때마다 목소리를 내니까 직접 하라는 말들을 많이 하셨고. 그래도 저는 그런 생각은 못했고요. 제 아이들도 어렸고.◇ 정관용> 그러다가 결정적으로 하게 된 건.◆ 김미애> 제가 2018년에 부산변호사의 수석부회장과 인권위원장을 하면서 그해 지방선거 때 서병수 부산시장의 선대위원장을 했어요. 그때도 제가 여성, 아동 정책 관련해서 같이 하는 걸 계기로 했는데 그게 참패했고 이제는 이런 거 내 길이 아니라고 하고 거리두기를 했었는데 김세연 의원이 부산시당 위원장일 때 저를 만나자고 해서 저는 또 만나자고 하면 무슨 부탁을 할 것 같고 그러면 안 만나는 게 낫겠다 싶어서 거절을 했는데 차라도 한잔 했으면 좋겠다. 그런데 제가 뭐라고 차도 못하겠냐 싶어서 만났는데 그때 시장선거 때 제 연설을 듣고 감동을 받았고 변호사 같은 분이 정치하셔야 된다. 그래서 우리 당도 변화시키고 했으면 좋겠다라고 말씀을 하셨죠.◇ 정관용> 그 말에 넘어갔어요?◆ 김미애> 그전부터 많은 요구들이 있었고.◇ 정관용> 요구가 있었고.◆ 김미애> 그래서 고민을 했죠. 제가 이 길을 가야 되나, 말아야 되나. 아이들 생각하고 그냥 저의 행복을 생각하면 안 가는 게 좋겠다. 그런데 자꾸 이런 요구하는 것은 제게 부여진 사명은 아닐까 고민이 많았습니다. 그때도 고민을 했었고요. 그러면서◇ 정관용> 그래, 일하자 이렇게 된 거로군요.◆ 김미애> 그렇게 했고 그때부터는 앞만 보고 지금까지 왔습니다.◇ 정관용> 앞으로 당이 달라질까요?◆ 김미애> 달라질 거라고 봅니다. 달라지지 않을 수 없는 상황에 이르렀고요.◇ 정관용> 어떻게 달라질까요, 그러니까? 약자와 함께하는 당.◆ 김미애> 뭐 저는 지금까지 늘 그렇게 하겠다고 살았고 결국은 정치도 저는 국민의 평안한 일상을 돌려드리는 거다. 국민이 정치 걱정 안 해도 되는데 우리나라는 거꾸로 됐습니다. 그런데 정치인들도 제가 보니까 열심히 하지 않는 건 아닌 것 같은데 그 과정에서 과연 헌법상 국회의원이 부여된 의무를 생각을 했으면 좋겠는데 국가이익 우선 의무를. 아마 순간순간 그러지 못한 것들이 국민의 눈에는 국민을 위한 상생과 협치, 민생을 위한 정치가 아니었다.◇ 정관용> 노골적으로 지난 20대 국회 후반부에 이제 황교안 대표, 나경원 원내대표 그 시절을 보면 국민을 위한 민생이 아니라 권력을 되찾아오기 위한 본인들의 대선가도를 위한 처음부터 끝까지 정치투쟁 일변도 아니었나요?◆ 김미애> 그렇게 비춰질 수도 있겠지만 저도 그때 당협위원장으로 있을 때 그때도 협치가 사라졌죠. 저는 민주주의의 꽃이라고 하는 선거제 또 공수처법. 공수처법만이 검찰개혁의 전부는 아닌데 그걸 그렇게 좀 협치를 위한 노력들을 서로 했으면 좋겠는데 서로 극과 극을 달렸던 것 같습니다. 조금 그런 부분이 많이 아쉬웠고.◇ 정관용> 여당 탓도 있다?◆ 김미애> 공동의 책임이라고 저는 봅니다.◇ 정관용> 알겠습니다. 김종인 비대위원장이 김미애 의원을 비대위원으로 발탁하면서 뭐라고 특별히 주문한 게 있나요?◆ 김미애> 저한테 직접적으로 하신 건 아니고요. 아마 우리가 첫 번째 회의를 1일날 했는데 그때 위원장님도 약자와의 동행을 말씀하셨고 그게 아마 제가 지금까지 부족하지만 그래도 그렇게 하기 위한 노력을 해 온 것이고 그런 모습을 우리 당에서도 좀 확산시키고 정말 말이 아니라 일로서 평가받기를 원하고 또 약자와의 실질적인 동행을 해야 된다는 요구라고 저는 생각합니다.◇ 정관용> 약자와 동행하기 위해서는 법과 제도가 좀 바뀌어야 할 것들이 많이 있지 않습니까?◆ 김미애> 맞습니다.미래통합당 주호영 원내대표가 1일 오전 국회에서 열린 1차 비상대책위원회의에서 발언을 하고 있다. 윤창원기자◇ 정관용> 사실은 김종인 위원장이 지난 총선 전에 총선의 총괄선대위원장 맡으시는 날 저희 프로그램에 오셨을 때 제가 김종인 위원장한테 집요하게 여쭤본 게 아니, 박근혜 대통령 만들 때 경제민주화 공약 당신이 만들어주지 않았느냐. 그러나 대통령 되자마자 헌신짝 내버리듯 버리지 않았느냐, 저 당이. 이번에 그러지 말라는 법 어디 있느냐 계속 물어봤거든요. 한마디로 말하면 지난 몇 년 동안 사실 미래통합당 그쪽 정당들이 노동자의 노동권 문제, 산업안전의 문제 또 하청과 관계됐던 공정화의 문제 등등 해서 번번이 모든 입법의 재벌, 대기업 편을 들었던 거 명확한 사실 아닙니까? 그렇죠? 아닌가요?◆ 김미애> 글쎄요, 모든 면이 그랬다라고 평가하기는.◇ 정관용> 제가 구체적으로 예를 노동권의 문제, 산업안전의 문제, 하청관계의 문제 이런 몇 가지 특징적인 문제에서는 전적으로 대기업 편을 들은 그런 입법안을 냈거든요. 어떻게 생각하세요? 이걸 바꿀 수 있을까요?◆ 김미애> 저는 약자와의 동행이 비단 노동권에 국한된 건 아니고요.◇ 정관용> 물론.◆ 김미애> 그런 것도 이제는 변화를 해야 된다고 저는 보고. 우리 당이 좀 집착했던 부분이 이제 노동자에서도 기득권 세력이 있죠. 노조들. 그들에 대해서 아마 너무 집착한 면이 있지 않았나. 오히려 그 안에서도 소외된 노동자들이 있는데 저는 그 부분을 우리가 좀 집중해서 인권 개선이나 보호를 위한 노력을 해야 된다라고 저는 그렇게 봅니다.◇ 정관용> 그렇죠. 그러니까 그 당에 지금 함께 당선인 초선뿐 아니라 다선 의원들도 이제는 시대 변화에 맞게 인식을 바꿔야 되지 않나요?◆ 김미애> 맞습니다.◇ 정관용> 적어도 지금 산업재해로 목숨 잃는 사람이 OECD 평균의 몇 배가 되고 있는.◆ 김미애> 맞습니다. 우리 형부도 그렇게 돌아가셨고요.◇ 정관용> 그런 거야말로 기업살인법 같은 거 만들어야 되지 않아요?◆ 김미애> 필요하다고 봅니다.◇ 정관용> 그렇죠? 그럼 21대 국회에서는 그거 되겠네요.◆ 김미애> 글쎄요. 그러한 논의는 구체적인 과정에서는 조금 다듬어질 필요가 있겠지만 큰 틀에서는 그렇게 가야죠.◇ 정관용> 사실 김종인 위원장 또 김미애 의원 이런 분들이 미래통합당을 정책 중심에 그리고 여당과 경쟁하는 정책을 중심으로 이런 당으로 바꿔주신다면.◆ 김미애> 맞습니다. 그렇게 가야죠.◇ 정관용> 대한민국 정치를 위해서 얼마나 좋은 일입니까?◆ 김미애> 맞습니다. 그래야 나라가 건강한 거거든요. 저도 그런 정치를 꼭 하고 싶습니다.◇ 정관용> 상임위는 어디 출범하세요?◆ 김미애> 사실은 제가 해야 할 일들은 보건복지 관련한 일이 많고 또 지역 현안은 국토교통 관련이 많고 우리 지역이 상당히 사실은 낙후되고 소외된 시민이 많은 곳입니다. 초고령화가 아마 부산에서도 손에 꼽힐 만큼 빨리 진입되어 있는 거고.◇ 정관용> 그래서요?◆ 김미애> 그래서 제2센텀이 그곳에 주거, 교육, 환경을 개선해야 되기 때문에 국토교통을 했고 또 하나 제가 가장 관심 있는 부분이 공동주택 관리 부분은 제대로 좀 입주민들 간의 문제가 아니라 제대로 시스템화해야 되겠다. 그건 제 경험에서 나온 것이고 국민들 70% 이상이 거주하는 데 그 부분에 대해서 전담 공무원도 저는 조금 해서 그런 데 대해서 정말 국민 생활과 밀집하는.◇ 정관용> 관리사무소 비리 막 이런 거 말이죠.◆ 김미애> 그런 거 좀 제대로 해서.◇ 정관용> 그럼 보건복지위예요, 국토위예요?◆ 김미애> 그건 국토부, 보건복지위인데 1지망, 2지망 했지만 사실은 앞뒤가 바뀌어도 됩니다. 전반기, 후반기에 하고 싶습니다.◇ 정관용> 원구성은 잘 될까요?◆ 김미애> 글쎄요. 여기서부터 좀 삐그덕거리는 게 안타까운데. 사실은 18대로 회귀하면 정반대의 입장이 된 것 같습니다. 그때를 생각해서 협치하기를 바랍니다. 그때 양보했던 거 민주당이 좀 양보하고.◇ 정관용> 이제 아직 초선된 지 며칠 안 되셨는데 원구성 협상까지 여쭤보기는 그러네요. 자주 모시도록 하고요. 당의 변화 앞장서서 이끌어주시기를 부탁드리겠습니다. 미래통합당의 김미애 의원 함께 만났습니다. 고맙습니다.◆ 김미애> 감사합니다.▶ 확 달라진 노컷뉴스▶ 클릭 한 번이면 노컷뉴스 구독!▶ 보다 나은 세상, 노컷브이와 함께js8530@hanmail.net저작권자 © CBS 노컷뉴스 무단전재 및 재배포 금지		"
16,2020.06.24. 오후 1:21,"[인터뷰]김미경 은평구청장 ""북방·대륙으로 가는 전진기지 될 것""","[자치구25 릴레이 인터뷰] 민선7기 김미경 서울 은평구청장'그린 뉴딜'의 축 은평 광역자원순환센터 준공 '환경 빅딜'포스트 코로나, 은평형 '행복택시' 및 비대면'언택트 행정' 추진[CBS노컷뉴스 김민수 기자]김미경 은평구청장이 CBS노컷뉴스와 인터뷰를 갖고 있다. (사진=은평구 제공) 코로나19 세계 대유행과 국민의 요구가 결집된 4.15 총선 결과로 기초지방정부의 역할에도 큰 변화가 불가피해졌다. CBS노컷뉴스는 자치분권 시대를 향한 높아진 주민 참여 의식, 코로나 방역, 혁신적 주민복지 등 지역 현안 해결사를 자처한 서울시 25개 자치구청장의 민선7기 반환점을 맞아 전반기를 평가하고 후반기 포스트 코로나 전략을 들어본다. [편집자 주]서울 서북권 끝자락에 위치한 은평구는 옛지명 '구파발'에서도 알 수 있듯이 조선시대 중국 사신이 한양에 이르기 하루 전 반드시 유숙해야했던 객사 벽제관으로 이어지는 주요 교통로였다. 즉, 조선이 대륙으로 가는 지리적 관문인 셈이다.김미경 은평구청장은 CBS노컷뉴스와의 인터뷰에서 강남권 집중개발로 소외되었던 서북권 교통망을 확보해 북한과 대륙으로 향하는 서울의 첫 관문이 은평구에서 시작될 것이라고 강조했다. 특히 수색역세권은 환반도 신경제구상 중 '환서해경제벨트'가 지나는 길목에 위치해 지리적 요건이 우수하다. 은평구는 낮은 산을 끼고 서울 중심지를 바라보는 주택지로서 좋은 환경을 가졌지만 수요에 비해 낙후된 교통환경이 구민 환경 개선의 발목을 잡는다는 평가를 받는다. 인터뷰 이후인 지난 22일 은평구 새절역에서 서울대 입구까지 이어지는 서부경전철 사업이 한국개발원(KDI)의 민자적격성 조사를 통과했다는 발표가 나왔다. 은평구는 반색했다.김미경 은평구청장이 CBS노컷뉴스와 인터뷰를 갖고 있다. (사진=은평구 제공)김 구청장은 서울로 향하는 '인 서울(in Seoul)' 뿐만 아니라 은평이 북방으로 향하는 출발점 '아웃워드 서울(outwards Seoul)'의 관문이 될 것이라고 강조했다. 다음은 김미경 은평구청장과의 일문일답.- 민선7기 지자체 출범과 구청장 취임 2년 반환점을 돌았다. 지난 2년의 구정을 평가한다면?지난 2년은 주민과 만나 은평구정의 가치를 함께 구현한 소중한 시간이었다. 진관동 주민과의 만남, 동업무보고회 등 일상 업무뿐 아니라, 코로나19 사태를 맞으며 방역대책 점검을 위해 은평 곳곳의 현장을 다니며 구민과의 소통, 구민 안전망 구축을 최우선으로 해왔다. 구민분들의 의견 하나하나 다시 한번 고민하고 남은 2년 구정 운영에 적극 반영하겠다.은평의 최대 숙원사업은 교통망 확충이다. 통일로의 교통정체 해소와 지역균형발전을 위한 핵심광역교통수단인 분당선 연장선 및 은평새길, 광역급행철도(GTX-A) 노선, 서부경전철 조기착공을 위해 최선을 다하고 있다. 불광천 방송문화의 거리 조성을 통한 문화광광벨트 구축, 국립한국문화관 유치, 서울시립대 제2캠퍼스 유치 등을 통해 서북권 중심지로 도약하고 있다. 노령인구와 학령인구가 증가하고 있어 은평형 의료체계를 구축, 구민 건강을 위한 획기적인 보건 서비스를 제공하고 있다. 특히 은평인공암벽장 개장, 은평통일스포츠센터, 서북권 복합체육시설(2024년 완공 목표) 등을 확충해 '건강도시 은평'으로 거듭나려 한다.   - 갑작스런 코로나19 대유행으로 전례 없는 삶의 변화가 올 것이라고 한다. 주민 생활의 가장 근접에 있는 구청장으로서 이번 코로나19 사태, 포스트 코로나를 어떻게 전망하고 있나= 코로나19 사태가 확산하면서 지방자치단체의 역량이 주목을 받고 있다. 특히 보건과 경제분야에 동반 위기가 초래되면서 국민이 정부의 강력한 역할을 주문하고 있다. 은평구는 선별진료소 전국 최초 장애인·외국인·노인을 위한 시각지원 안내판 설치, 은평형 워킹스루(글로브 월 시스템) 도입, 전국 최초 자발적 민간방역단 구성 등으로 방역의 선두에 나섰다.코로나와 함께 공존하는 시대는 방역차단을 위한 예방과 생활방역을 강화해야 한다. 친환경의 중요성도 주목을 받고 있다. 비대면(언택트) 문화가 확산되고, 원격수업, 재택근무 증가, 새로운 문화소비방식 등 달라진 일상에 맞춰 구민을 위한 행정도 능동적으로 변화해야 한다. 은평구는 효율적 정책변경을 위해 용역을 추진 중에 있고, 이를 통해 주민들의 삶을 지켜내는데 주력할 계획이다. 김미경 은평구청장이 CBS노컷뉴스 인터뷰를 갖고 있다 (사진=은평구 제공)- 대한민국 민주사회의 역량과 주민의 참여의식이 높아지면서 지자체의 자치역량과 분권에 대한 수요 또한 높아지고 있다. 전국 자치단체장들도 자치분권에 대한 관심이 높은 것으로 안다. 구청장이 생각하는 분권의 핵심은 무엇이고, 이것이 주민의 삶을 어떻게 변화시킬 수 있다고 보는가= 지난 반세기 대한민국은 위대한 경제성장을 이루었지만, 중앙과 지방의 불균형은 점차 심화하고 있다. 지역의 자율성과 창의성에 기반한 자치분권은 급변하는 환경 속에서 우리 마을의 문제점을 지자체와 주민이 직접 진단하고 협력을 통해 그에 맞는 해결책을 찾아가는 맞춤형 서비스의 시발점이라고 할 수 있다. 코로나19 위기는 자치분권의 필요성이 더욱 증대되고 지자체의 역할과 역량이 매우 중요하다는 것을 보여준 계기가 됐다. '드라이브 스루', '착한 임대료 운동', '안심귀가 서비스' 등은 지역 현장의 아이디어에서 출발한 것이다. 자치분권의 완성을 위해선 재정분권이 핵심이다. 올해 기준 국세 74% 지방세 26%로 지방정부가 가용할 수 있는 재정의 폭이 매우 협소하다. 현 정부는 단계적 개편을 통한 지방재정 확충방안을 내놓고 있다. 8:2였던 지방재정을 6:4까지 늘린다는 계획이다. 국가적 위기와 재난 앞에서 새로운 일상, 새로운 세계를 준비해 나가기 위한 지방자치분권은 시대를 거스를 수 없는 현실이 되고 있다. - 은평하면 은평뉴타운이 가장 먼저 떠오른다. 최근에는 새로운 문화·교육·경제 인프라 확대일로에 있는데, 수색 역세권 개발과 불광천 문화관광벨트 조성사업은 어떻게 진행되고 있나= 은평이라는 도시에 문화를 입히는데 집중하고자 한다. 올해는 방송문화거리 조성의 거점으로서 신사교에서 신응교 사이를 1구간으로 지정하고 방송문화종합센터 건립과 불광천 환경개선 사업을 집중적으로 추진할 계획이다. 바로 인접한 마포, 서대문은 많은 대학교나 상암의 방송센터들이 있어 관광객들이 몰리는 등 활력이 있다. 다만 반나절이면 더이상 돌아볼 곳이 없기 때문에 철도 하나 사이를 둔 은평 수색역세권부터 불광천변으로 이어지는 거리를 방송문화의 거리로 조성(은평·서대문·마포 협력) 한다. 스포츠 전문채널 스포티비(SPOTV), 건축자재 제조회사 삼표 본사 등이 이전 신축하면 옥상에 전망대를 조성하고, 맞은편 행복주택 부지 일부를 K-POP 문화공연장으로 활용할 계획이다. 불광천에 카페가 늘어나면서 카페촌을 형성해가고 있다. 길을 따라가다보면 문화공연 시설과 서울혁신파크로 이어지게 된다. 혁신파크에는 어린이복합문화공간, 서울기록원이 입주를 했고, 서울시립대 은평캠퍼스 건립과 서초구에 있는 서울연구원도 이전하게 된다. 혁신파크는 청년 혁신가 등 미래 먹거리 문제를 고민하는 2천여명이 활동하고 있다. 세계의 혁신가들도 이 곳에 모일 수 있는 기반을 마련하고 한다. 수색·증산지역에서 커질 경제·문화 인프라를 불광천을 통해 은평구 전역으로 확산시킬 계획이다.은평구민의 염원이였던 국립한국문학관 건립 유치, 은평인공암벽장 및 통일로스포츠센터 건립으로 체육인프라 조성, 구민들의 실생활과 밀접한 '재활용픔 거점모아모아', '행복택시', '국공립 어린이집 확충' 사업 등도 차질없이 추진되고 있다.김미경 은평구청장이 CBS노컷뉴스와 인터뷰를 갖고 있다. (사진=은평구 제공)- 은평구는 ‘재활용 처리 시설’ 문제가 여전히 뜨겁다. 은평구 자원순환센터(재활용품 선별, 적재 시설)의 경우 주민들의 거센 반대 탓에 센터 구축에 난항을 겪고 있는데= 2025년이면 더 이상 김포매립지에 매립을 할 수 없게 된다. 은평구 매립량이 하루 260 여 톤 정도다. 매일 10%씩 줄이지 않으면 매립하는 비용의 두 배를 물어야 하고, 위반시 5일간 반입정지를 당하게 된다. 단순히 5일 동안 쌓이는 쓰레기 양과 부과되는 처리비용만 생각해도 은평구와 구민들에 엄청난 피해가 발생한다.은평구는 인근 서대문, 마포에 광역 음식물처리시설과 소각시설이 있지만 공공재활용 선별시설이 없는 것에 착안해 광역자원순환센터를 건립하고, 대신 은평구에서 발생한 음식물폐기물과 일반폐기물을 서대문과 마포 시설에서 처리한다는 계획이다. 3개 자치구가 재활용품, 음식물, 생활폐기물을 주고받는 이른바 '환경 빅딜'로 중복투자로 인한 예산 절감, 협치행정의 혁신사례로 꼽히고 있다. 은평 광역자연순환센터는 설계단계부터 주민들의 적극적인 참여를 통해 함께 만들어가는 모범 사례가 될 것으로 기대한다.   특히 은평형 재활용정거장 '재활용품 거점 모아모아' 사업은 2019년 10월부터 갈현2동을 시범동으로 삼아 추진하고 있다. 주민이 직접 거점에 나와 8가지 품목으로 분리배출하여 재활용품 원형을 보존, 수거하는 체계다. 이를 통해 수거품의 약 97%를 판매할 수 있어 처리비 감소, 현장리더 고용 등 지역일자리 창출, 주민 인센티브 제공으로 선순환 체계를 마련해가고 있다.  - 최근 ‘스마트시티 통합 플랫폼’을 구축했다. 인공지능 기술 등을 통한 도시 안전망 서비스 제공 및 도시 분야별 정보 연동 시스템이 구축되면서 포스트 코로나 비대면(언택트) 시대로 나아가는 촉매제가 될 것으로 보는데, 은평의 ‘언택트 행정’ 방향은?= 전염병 전문가들은 2020년 가을이나 겨울 대규모 2차 감염을 예고하고 있다. 은평구로서는 행정 공백을 막기 위해 선제적 언택트 행정을 실시한다. 지난 20일 전국최초 온라인 주민총회를 개최하고, 구립 은뜨락도서관을 통해 전자책 콘텐츠 제공, 구립증산도서관에서는 온라인 '힐링 악기 칼림바'로 코로나19로 지친 구민들에 활력을 제공하고 있다.5급 이상 구청 간부에 태블릿 PC를 배부해 코로나19로 인한 사회적 거리두기 행정체제를 갖추는 등 언택트 행정은 화상회의를 비롯, 주민참여예산제의 주민총회, 어린이날 행사, 방구석 도서관 등 전방위적인 행정과 사업에 적극 활용하고 있다.   구청장이 말한다!   ""포스트 코로나, 은평구의 그린 뉴딜 정책""= 온실가스, 플라스틱 등으로 평균기온 1도가 상승하면서 폭염·해일 등 이상기후 현상이 빈번하게 발생하고 있다. 2012년 기준 한국은 연간 이산화탄소 배출 세계 7위, 1인당 배출량은 11.9톤에 달한다. 은평구는 이러한 기후변화와 포스트 코로나에 대응하기 위해 '은평형 그린뉴딜 정책'을 제시한다. 은평구는 건강도시 지향을 위해 선별진료소를 상시 음압시설을 갖춘 공간으로 새로 구축하고 일상적 방영 체제를 갖추게 된다. 지난해 공모사업에 선정된 '스마트시티 통합플랫폼 시스템' 구축이 완료돼 112‧119·재난안전 긴급상황, 사회적약자 위급상황 발생     시 은평 스마트도시 통합관제센터에서 관내 CCTV 영상을 경찰과 소방상황실에 실시간 제공해 구민의 생명과 재산을 지키는 골든타임 확보에 도움이 될 것으로 기대하고 있다.주민참여형 미세먼지 대책, 에너지자립마을 미니태양광, 공공자전거 따릉이 확충 및 카쉐어링 주차면도 확대한다. 여성 안심마을 조성 사업인 '여성 1인 가구 SS존', 취약계층 관련 빅데이터 수집·분석을 통해 복지사각지대를 선제적으로 발굴·지원하는 시스템을 제공하고 있다.""은평구, 북방·대륙으로 가는 서울의 관문""= 은평구의 경우 도로는 북으로 향하는 통일로를 끼고 있다. 그중에 혁신파크는 '양천(兩千)'이라고도 부르는데, '의주로 천리, 부산으로 천리'라는 뜻으로 혁신파크의 위치가 한반도의 중심에 위치하고 있다는 의미다. 철도로서는 경의선 고속철 출발지 수색역이 있는 곳으로 한반도 신경제구상 중 '환서해경제벨트'가 지나는 길목에 위치해 남북 평화시대 성장 가능성이 풍부하다. 이처럼 북방 대륙으로 향하는 도로와 철도 등 육상로를 모두 가지고 있는 곳이 은평이다. 남북 교류에서 한반도와 대륙과 유럽까지 이어지는 물류의 관통로가 수색이 될 것이라는 믿음을 가지고 많은 준비를 하고 있다.남북문제가 최근 교착상태에 있지만 돌아가고싶어도 이전으로 되돌아 갈 수 없을 것으로 본다. 중간자, 관문의 역할에 은평이 있다고 본다. 통일문학상, 통일포럼, 북한자료역사관, 통일박물관도 추진하고 있으며, 특히 가톨릭대 은평성모병원은 향후 대북 의료전진기지로서의 역할을 준비하고 있다. 남북관계가 평화로 이어진다면 이곳에서 청년들의 '평화 일자리'도 마련될 것으로 본다. 대륙과 연결된 '구파발'이라는 역참이 이곳에 있었던 점도 지리적 요건이 뛰어나기 때문이다. 구민들과 함께 그 역할에 동참하려 한다. ▶ 확 달라진 노컷뉴스▶ 클릭 한 번이면 노컷뉴스 구독!▶ 보다 나은 세상, 노컷브이와 함께maxpress@cbs.co.kr저작권자 © CBS 노컷뉴스 무단전재 및 재배포 금지		"
17,2020.06.11. 오전 10:06,'스파르타 300'은 알고 '광주 300'은 모르는 당신에게,"[도서관, 그 사소한 역사] 빛고을 광주의 도서관 ②[오마이뉴스 글:백창민, 글:이혜숙](* '빛고을 광주의 도서관' ①편에서 이어집니다.)계엄군이 집단 발포를 하자, 시민도 가만히 있지 않았다. 집단 발포에 분노한 시민은 5월 21일 아시아자동차 공장에서 장갑차를 확보해서 금남로로 몰고 나왔다. 화순과 강진, 나주, 담양에서 총기를 확보해 시민은 무장하기 시작했다. 이때부터 '시위'는 '교전'으로, '참여'는 '참전'으로 바뀌었다. 5월 21일 저녁 시민군은 계엄군을 광주 외곽으로 물리쳤다. 경무장에 가까운 시민들이 3개 여단 2천5백 명에 달하는 공수특전단을 물리친 것이다.행정과 치안의 공백 상황에서 시민군은 전남도청을 장악하고 질서정연하게 치안을 유지했다. 1894년 6월 동학농민군이 전주성을 장악한 이래 민중이 도청사를 장악한 건 80여 년만에 처음이었다. 광주 시민은 사재기를 자제하고 부상자를 위한 헌혈에 앞장섰다. 약무광주 시무민주              ▲ 조선대학교 대운동장과 중앙도서관 5.18 당시 조선대학교 대운동장은 7공수여단이 주둔했던 공간이다. 5월 19일부터 21일 사이에 계엄군에 끌려온 시민과 학생이 조선대 체육관에서 고문과 폭행을 당하기도 했다. 대운동장 뒤로 보이는 건물은 2003년 개관한 조선대학교 중앙도서관이다. 중앙도서관 뒤로 보이는 건물이 조선대학교 본관이다. 한때 본관 일부 공간이 ‘도서관’으로 쓰였다. 조선대학교 본관은 이길성이 설계했고, 1948년 건립한 박공지붕의 조적조 6층 건물이다.             ⓒ 백창민   범죄도 거의 일어나지 않아 신군부가 주장한 폭동과는 거리가 멀었다. 당시 광주 시내 42개 은행에는 1500억 원이 넘는 현금이 있었고, 도청과 여러 회사 건물에도 많은 현금이 있었으나 누구도 이 돈을 훔치지 않았다. 이 시기 해방된 광주가 '절대공동체' 또는 '광주 코뮌'이라고 불리는 이유다.계엄군이 광주 외곽을 차단하고 전화와 교통이 끊기면서 광주는 고립되었다. '해방'된 광주는 '고립'된 광주였다. 서울을 비롯한 다른 지역 시민은 광주가 어떤 상황인지 몰랐다. <봄날>을 쓴 임철우가 '그 시절 광주 시민에게 주님은, 유일한 구원은 광주 바깥에 있는 사람들이었다'라고 말할 정도로 광주 시민은 철저히 '고립'되었고 처절하게 '고독'했다. 신군부는 광주의 투쟁이 광주 밖으로 퍼져 전국적 저항으로 이어지는 것을 가장 두려워했다. 광주에서 터진 참상은 6개월 전 부산과 마산에서 일어난 부마항쟁처럼 철저히 통제되고 봉인되었다.외곽으로 물러난 계엄군은 학살을 멈추지 않았다. 5월 23일은 주남마을, 5월 24일에는 송암마을에서 학살이 이어졌다. 주남마을에서는 공수부대가 버스를 난사해서 18명 승객 중 17명이 죽었다. 송암마을에서 학살이 있던 5월 24일, 서울 서대문형무소에서는 박정희를 저격해서 유신 체제를 끝낸 김재규와 그의 부하들이 형장의 이슬로 사라졌다. 광주는 5.18 민주항쟁에 앞서 1960년 3.15 부정선거 때도 시민들이 분연히 일어난 곳이다. 3.15 부정선거 당시 광주 가톨릭센터 앞 거리에 시민 1천여 명이 모여 시위를 벌였다. 시위 진압 과정에서 경찰이 발포하면서 광주 금남로에서만 시민 7명이 죽고 1백여 명이 부상 당했다. 마산과 함께 3.15 부정선거를 규탄하는 시위가 가장 빨리 일어난 곳이 광주 '금남로'다. 광주에 '4.19혁명기념관'이 있는 건 이 때문이다.'금남로'는 이한열, 강경대, 박승희 같은 수많은 열사가 망월동 묘역에서 영면하기 전 노제가 열린 곳이기도 하다. 광주 금남로는 인조 때 이괄의 난을 진압하고 '금남군'(錦南君)에 봉해진 충무공 정충신을 기려 붙인 이름이다.임진왜란 때 조선을 구한 또다른 '충무공' 이순신은 '호남이 없었다면 나라를 지킬 수 없었을 것'(若無湖南 是無國家)이라고 했다. 한국 현대사에서 '광주 항쟁이 없었다면 민주화된 대한민국은 없었을 것'(若無光州 是無民主)이다. 금남로는 임진왜란 때 맹활약한 의병장 김덕령의 시호를 딴 '충장로'와 함께 광주를 대표하는 거리다. 5.18 광주민주항쟁을 거치면서 '금남로'는 광주의 거리가 아닌 한국의 비극적인 현대사, 나아가 아시아 민주화를 상징하는 거리가 되었다.그들은 왜 총을 놓지 않고 싸웠을까              ▲ 전남도청 전일빌딩 245에서 바라본 전남도청 전경. 5월 21일 시민을 향한 집단 발포가 있었던 곳이며, 5월 27일 새벽 시민군이 계엄군에 맞서 최후 항전을 벌인 곳이다. 전남도청 본관은 일제 강점기 전남에서 조선인 건축가로 유일하게 활동한 김순하가 1925년 설계한 건물이다. 1975년 김태만에 의해 3층으로 증축 설계되었다. 본관 왼편에 있는 전남도청 회의실(옛 민원실) 역시 1930년 김순하가 설계했다. 도청 앞 분수대에서는 1980년 5월 22일부터 26일까지 시민 궐기대회가 이어졌다.              ⓒ 백창민   시민군에 의해 계엄군이 밀려난 후 전남도청은 시민군의 본부이자 중심이었다. 수습대책위원회와 학생수습위원회가 구성되어 활동하기 시작했다. 수습대책위원회는 계엄군과 협상을 시작했다. 협상은 지지부진했지만 수습대책위원회는 더 이상의 희생을 막자는 이유로 총기 회수를 결정했다. 상당수 시민군은 계엄군과 협상이 진전되지 않은 상황에서 무조건적인 총기 회수에 동의하지 않았다. 총기 '회수'에 찬성하더라도 계엄군에 '반납'하는 건 반대했다.수습대책위원회의 미온적인 활동이 시민의 지지를 받지 못하자, 재야 인사가 수습대책위원회에 새롭게 합류했다. 새로운 수습대책위원회는 김성용 신부가 제안한 4가지 사항을 채택하고 최규하 대통령 앞으로 호소문을 발표했다. 수습대책위원회가 밝힌 4가지 사항은 ▲ 이번 사태는 정부의 잘못임을 시인할 것 ▲ 사과하고 용서를 청할 것 ▲ 모든 피해는 정부가 보상할 것 ▲ 어떠한 보복 조치도 없을 것이었다.광주 수습대책위원회의 꾸준한 무기 회수 작업으로 4천5백여 정의 총과 1천개 이상의 수류탄이 회수되었다. 5월 24일 당시 수천 명 수준이었던 시민군은 5월 25일 거의 '무장해제' 상태가 되었다.전남도청 앞에서는 시민 궐기대회가 계속 열렸다. 거리는 행방불명된 가족과 친지의 행방을 찾는 사람으로 넘쳐 났다. 시신이 안치된 도청 앞 상무관에서는 유족과 사람을 찾는 이의 눈물과 탄식이 흘렀다. 김남주 시인이 '학살 1'이라는 시에서 울부짖은 것처럼, ""하늘은 핏빛""이었고 ""거리는 한 집 건너 울지 않는 집이 없었""다.한편 계엄군의 무력 진압을 앞두고 도청 안 지도부 안에서 투항하자는 의견이 커졌다. 무기 반납과 투항을 얘기하는 온건파 대신 25일부터 '민주시민투쟁위원회'라는 이름의 항쟁 지도부가 다시 꾸려졌다. 항쟁 지도부는 '투항' 대신 '투쟁'을, '항복' 대신 '항쟁'을 선택했다. 5월 26일 아침에는 계엄군의 진입을 막기 위해 김성용 신부를 비롯한 수습대책위원 17명과 시민들이 전남도청에서 농성동까지 '죽음의 행진'을 했다. 시민수습대책위원회는 계엄군과 교섭을 시도했으나 무산되었다.그날 밤 광주 외곽에서 계엄군이 이동한다는 무전이 울려대기 시작했다. 계엄군의 도청 진압이 임박했다는 것을 누구나 알 수 있었다. 한홍구 교수는 진압을 하루 앞둔 1980년 5월 26일 밤 전남도청을 상상해보라고 했다.'계엄군의 진압을 앞둔 그 시간 그 자리에 있다면 나는 총을 잡고 도청에 남을까, 아니면 총을 버리고 도청을 떠날까. 나라면 어떻게 했을까.'한홍구 교수가 언급한 것처럼 ""산 사람을 더 생각하는 자들은 총을 내려놓자고 했고, 죽은 이들을 더 생각하는 자들은 총을 놓을 수 없었다"". 자신의 선택과 판단으로 300여 명의 시민이 도청과 그 주변에 남았다. 5월 27일 새벽 전남도청에서는 계엄군의 진압에 맞서 시민의 '최후 항전'이 있었다. 최후 항전 직전인 새벽 3시 50분, 도청에서 스물 한 살 여대생 박영순의 마지막 방송이 울려퍼졌다.""광주 시민 여러분, 광주 시민 여러분, 지금 계엄군이 쳐들어오고 있습니다. 사랑하는 우리 형제, 우리 자매들이 계엄군의 총칼에 숨져가고 있습니다. 우리 모두 계엄군과 끝까지 싸웁시다. 우리는 광주를 사수할 것입니다. 여러분 우리를 잊지 말아주십시오. 우리는 최후까지 싸울 것입니다. 시민 여러분, 계엄군이 쳐들어오고 있습니다.""우리는 끝까지 싸울 것입니다              ▲ 문재학의 영정 한강의 작품 <소년이 온다>에는 학생으로 최후 항전에 참여한 ‘동호’라는 인물이 나온다. 문재학은 ‘동호’의 실제 모델이다. 문재학은 당시 15세로 광주상업고등학교 1학년이었다. 앳된 나이의 수많은 ‘동호’가 광주와 이 나라의 민주주의를 지켰다. 문재학은 망월동 구 묘역을 거쳐 국립 5.18민주묘역에 묻혀 있다. 묘지 번호는 2-34다. 그의 앞줄에 윤상원과 박기순이 묻혀 있다.             ⓒ 백창민   한홍구 교수의 표현처럼 '반만년에서 가장 긴 새벽'인 그날 새벽 4시 계엄군은 시민군이 경계하던 도청 정면이 아닌 측면과 후면을 통해 기습적으로 밀고 들어왔다. 계엄군의 일제 사격 후 도청에 진입한 공수부대는 시민군을 향해 총알을 난사했다. 시민군을 이끌던 윤상원은 2층 민원실에서 사망했다. 민원실 건물 지하에는 무기고가 있어서 가장 중요한 공간이었다. 시민군 중에는 꽃다운 10대 학생도 여럿 있었다. 광주상고(지금의 광주동성고등학교) 1학년 문재학도 그중 한 명이다. 먼저 간 친구를 생각해 도청에 남은 그는 끝내 살아 돌아오지 못했다. 교련복을 입은 '막내'는 싸늘한 시신으로 가족에게 돌아왔다. 작가 한강의 소설 <소년이 온다>의 주인공 '동호'는 바로 문재학이다. 문재학의 가족은 막내의 묘비명을 이렇게 새겼다. ""우리의 마음에 눈물을 주고 너의 가슴엔 한을 남긴 이승의 못 다 이룬 서러운 인연, 가족이라는 이름으로 우리 다시 만나리.""계엄군의 진압 작전은 1시간 10분 만에 종료되었다. 계엄군은 투항한 시민군 8명을 도청 앞에서 확인사살하기까지 했다. 계엄군은 도청 진압 과정에서 사망한 사람이 약 25명, 체포된 사람이 약 200명이라고 발표했다. 최후의 항전 과정에서 죽은 사람이 정확히 몇 명인지는 아직도 밝혀지지 않았다. 5.18유족회 집계에 의하면 광주민주항쟁 과정에서 사망자는 166명, 행방불명된 사람은 65명이다. 부상으로 사망한 사람은 400명이 넘는다. 최후 항전을 앞두고 총을 든 사람은 도청에 남고, 총을 놓은 사람은 도청을 빠져나갔다. 총을 들고 싸운 자는 다시 산 자와 죽은 자로 나뉘었다. 죽은 자는 죽어서 원통했고, 산 자는 살아서 부끄러웠다. 죽은 자의 원통함과 산 자의 부끄러움은 모두 살아남은 자의 몫으로 남았다.막강한 무력을 지닌 계엄군에 맞서 시민들이 도청에 남아서 싸운 이유는 뭘까. 계엄군을 상대로 이길 거라고 생각했을까. 최후 항쟁을 이끈 윤상원조차도 그렇게 생각하지 않았다. 최후 항전을 앞둔 마지막 회의에서 윤상원은 이렇게 말했다. ""우리가 비록 저들의 총탄에 죽는다고 할지라도 그것이 우리가 영원히 사는 길입니다. 이 나라의 민주주의를 위해 끝까지 뭉쳐 싸워야 합니다. 그리하여 우리 모두가 불의에 대항하여 끝까지 싸웠다는 자랑스러운 역사를 남깁시다. 이 새벽을 넘기면 기필코 새벽이 옵니다."" 계엄군이 도청에 진입했을 때 도청을 지키던 시민들이 모두 도망 갔다면, 광주에서의 항쟁은 '폭동'으로, 계엄군에 의해 죽어간 사람들은 '폭도'로 기록되었을 것이다. 5월 26일 오후 5시 광주에서 취재 중인 외신 기자를 대상으로 최초이자 마지막 기자회견이 있었다. 이 자리에서 '차분하지만 죽음을 예견한 눈빛의' 윤상원은 ""우리는 최후의 한 사람까지 싸울 것입니다""(We will fight until the last man)라고 말했다. 먼저 희생된 사람의 죽음을 헛되게 하지 않기 위해 300여 시민은 도청에 남아서 '끝까지' 싸웠다. 그렇게 광주는 자신의 피로 '항쟁'의 역사를 썼다.목사인 아버지의 만류를 뿌리치고 5월 26일 도청으로 향한 신학대생도 있었다. 한신대 류동운은 붙잡는 아버지에게 이런 말을 남기고 도청으로 돌아가 '산화'했다. ""다른 집 자녀는 다 희생당하고 있는데, 왜 저만 보호하려고 하십니까? 역사가 병들었을 때 누군가 역사를 위해 십자가를 져야먄 큰 생명으로 부활한다고 하지 않았습니까?""당신이 '스파르타의 300'은 알지만 도청을 지킨 '광주의 300'을 모른다면, 당신은 '무지'한 것이 아니라 '무심'한 것이다. 당신이 광주민주항쟁이 간첩에 놀아난 폭도의 폭동이라고 생각한다면, 당신의 '무지막지'는 용서받지 못할 것이다. 한나 아렌트(Hannah Arendt)가 말한 '악의 평범성'(banality of evil)을 언급하지 않더라도 그런 '생각없는 삶'(life without thinking)과 '무지막지'가 쌓여 악은 자라난다. 나아가 한 사회를 집어 삼키는 '광기'가 된다. 광주민주항쟁을 배경으로 한 소설 <소년이 온다>에서 작가 한강이 우리에게 던진 질문이다.""인간은 무엇인가. 인간이 무엇이지 않기 위해 우리는 무엇을 해야 하는가.""수곡동 묘역은 왜 '망월동 묘역'이라 불렸을까              ▲ 옛 망월동 묘역 망월시립묘지 ‘제3묘원’이 바로 ‘민주열사묘역’이다. 국립 5.18민주묘역이 새롭게 조성되었지만 이곳을 찾는 이의 발길은 끊이지 않는다. 묘역 참배를 막는 정권 때문에, 한때는 이곳을 찾는 것 자체가 ‘투쟁’이던 시대가 있었다. 묘역 입구에는 사람들이 밟고 지날 수 있도록 학살자 전두환, 이순자 부부의 명패를 묻어 두었다.             ⓒ 백창민   '윤상원민주사회연구소'의 정재호 소장은 한 인터뷰에서 이렇게 말했다.""계엄군이 도청에 들이닥쳤는데 다 도망가고 아무도 없었다고 생각해보십시오. 역사가 1980년 광주를 어떻게 기록했겠습니까. 상원이 형을 비롯해 도청에 남아 있었던 사람들 때문에 5.18이 폭동이 아니라 민중항쟁으로 기록될 수 있는 겁니다. 제대로 싸워보지도 못하고 죽을 거라는 걸 알면서도 끝까지 도청을 지켰던 사람들 말입니다.""탁영호는 5.18 광주민중항쟁을 <도바리>라는 만화로 그렸다. <도바리>에서 그는 5월 27일 새벽 도청에 남은 시민군에게 그곳은 ""자유의 종착역이고 저승행 출발역""이라고 묘사했다. 도청을 사수하고 '떠난' 그들 덕분에 광주는 '남은' 사람들에게 ""자유와 민주의 출발역""이 되었다.계엄군 발포로 인한 최초의 부상자도 학생이었지만, 계엄군의 총탄에 쓰러진 마지막 희생자 역시 학생이었다. 도청 진압 작전이 종료된 5월 27일 저녁 7시 40분, 전남대 근처에 살던 서광여중 3학년 김명숙은 친구 집에 책을 빌리러 갔다가 계엄군의 M16에 맞아 숨졌다. 진압 작전이 끝이 아니었다. 뒤이어 검거 선풍이 일어나면서 1980년 5월 17일부터 7월말까지 2699명이 계엄당국에 체포되었다. 시민을 죽여서라도 권력을 잡겠다고 날뛴 신군부는 광주가 아니더라도 어딘가를 '희생양'으로 삼았을 것이다. 그 희생양은 부산이나 대구, 대전, 청주, 춘천이었을 수도 있다. 광주는 우리 누군가가 겪었을, 어쩌면 대한민국이 모두 겪었어야 할 희생을 대신했다.김준태가 피를 토하듯 절규한 '아아 광주여! 우리나라의 십자가여!'라는 시에 우리가 전율한 것은 바로 그 때문이다. 광주의 희생을 '뒤늦게' 안 우리가 광주와 광주 시민에게 하염없는 미안함과 부끄러움, 깊은 슬픔을 느끼는 것도 그 때문이다.5.18 광주민중항쟁 과정에서 쓰러진 사람들은 어떻게 되었을까? 전남도청 앞 상무관에 있던 5.18 희생자의 시신은 5월 29일 오전 관을 10개씩 쌓은 '쓰레기차'에 실려 광주시립공원묘지 제3묘원으로 옮겨졌다.이날 '운구차'도 아닌 '청소차'에 쓰레기처럼 실려 이곳으로 옮겨진 126구의 시신은 연고자가 없거나 27일 도청에서 계엄군에 의해 숨진 사람들이다. 이외에도 공수부대에게 무참히 살해된 시신을 가족이 직접 수레에 싣고 이곳으로 옮겨온 경우도 많았다.당시 광주시는 사망자 1명당 가족 5명만 장례에 참석할 수 있도록 '제한'했다. 희생자 가족은 울음조차 참으면서 공포 속에 장례를 치러야했다. 전두환 정권은 한동안 이곳에서 가족의 추모행사와 '제사'조차 허용하지 않았다. 묘역이 성지가 되는 것을 막기 위해 가족을 회유해서 이장(移葬)을 추진하기도 했다.망월동 구 묘역에는 37명의 민주열사와 2명의 5.18 희생자가 남아 있다. 구 묘역 4시 방향에 조성된 국립 5.18민주묘역은 832명의 5.18 희생자와 행방불명자를 모신 곳이다.행정구역상 광주시 북구 수곡동 산 29-2번지인 망월동 구 묘역이 '수곡동 묘지'가 아닌 '망월동 묘지'라고 불린 이유는 왜일까. 망월삼거리를 지나 가족을 묻고 돌아온 이들이 수십년 동안 어두운 밤 달만 바라보고 한을 토해 냈던 심정을 '망월동'이라는 이름이 대변했기 때문이라는 말도 있다.2017년 시점에 광주시가 확인한 광주민주항쟁 사망자는 155명, 부상 후 사망자는 110명, 행방불명자 81명, 부상자 3378명, 기타 910명이다. 총 피해자는 4634명이다.5월 20일이 '기자의 날'인 이유              ▲ 전일빌딩 근처를 비행하는 헬기 광주민주항쟁 당시 헬기가 총격을 가했다는 증언은 여러 차례 나왔다. 조비오 신부 뿐 아니라 이광영 씨, 아놀드 A. 피터슨 목사를 비롯한 많은 사람이 헬기 기총 사격을 증언했다. 전일빌딩 내부와 외벽에는 헬기 총격을 받은 흔적이 수백 군데 발견되었다.             ⓒ 백창민   광주의 '도서관'에는 광주민주항쟁의 흔적이 곳곳에 남아 있다. 5월 17일 계엄군은 전남대학교 교내에 진입해서, 도서관에서 공부하던 학생들을 무차별 구타하고 구금했다. 앞서 언급한 대로 전남대학교 중앙도서관은 학생 시위의 주요 무대였다.조선대학교 중앙도서관 앞 대운동장은 계엄군이 진주했던 장소다. 계엄군은 5월 19일부터 21일 사이에 시민과 학생을 무차별적으로 연행해서 체육관 야전 막사에서 폭행과 고문을 가했다.조선대학교 본관 뒷산은 5월 21일 시민군의 반격에 따라 공수부대가 퇴각한 경로인 동시에, 5월 27일 도청을 점령한 3공수여단이 진입한 루트였다. 조선대학교 도서관은 1950년 6월 10일 본관 2층에 좌석 200석, 장서 2만 권 규모로 출발했다. 지금의 중앙도서관은 2003년 2월 10일 개관했다. 1968년 동구 황금동에 개관한 광주학생독립운동기념회관은 광주광역시에서 가장 오래된 도서관이다. 광주학생독립운동기념회관이 화정동으로 이전하면서 '광주청소년삶디자인센터'가 들어섰다. 지하 1층, 지상 6층 철근콘크리트조로 지은 이 건물은 서범식이 설계했다. 5.18 당시 학생들은 '학생회관'이라 불린 이곳을 집결지로 삼아 시위를 전개하기도 했다. 특히 5월 18일 오후 3시 흩어졌던 시위대가 다시 모여, 광주학생독립운동기념회관에 있던 경찰의 차량과 장비를 부순 일은 첫 날 시위의 기폭제로 작용했다.전남도청 앞에 있는 전일빌딩은 헬기 총격 흔적이 남아 있는 건물이다. <전남일보> 사옥이었던 이곳에서 계엄군 헬기가 발사한 총탄 자국이 수백 군데 발견되었다. 1968년 세워진 전일빌딩은 금남로에 들어선 최초의 10층 건물로 광주의 랜드마크 역할을 해온 건물이다. 조동희와 오무송이 함께 설계했다.5월 21일  낮 계엄군의 도청 앞 집단 발포 때 전일빌딩 옥상에는 공수부대 저격수가 배치되어 시민을 조준 사격했다. 5월 27일 최후 항전 때는 시민군 10여 명이 전일빌딩에 남아서 싸웠다. 1980년 5월 20일부터 27일까지 많은 기자와 언론인은 신군부의 광주 시민 학살에 항의하며 검열 거부와 제작 거부에 들어갔다. 2006년 2월 한국기자협회가 5월 20일을 '기자의 날'로 정한 것은 기자 정신을 잊지 않고 저항한 역사적인 날을 기리기 위함이다. 1980년 여름 신군부는 제작 거부에 참여한 707명의 언론인을 강제로 내쫓고, 40여 개 언론사를 통폐합했다. <전남일보>에서도 많은 언론인이 제작 거부에 참여했고, 15명이 강제해직 당했다. 논설위원 양동균도 제작거부로 <전남일보>를 떠난 언론인 중 한 사람이다. '전일도서관' 건물에 날아든 기관총탄               ▲ 전일빌딩 245 전일빌딩은 광주 금남로에 세워진 최초의 10층 건물이다. 2016년부터 2017년까지 실시된 국립과학수사연구원의 현장감식을 통해 245개 헬기 총격 흔적을 발견했다(그후 25개 흔적이 추가로 발견되었다). 245는 전일빌딩에서 발견된 245개의 탄흔을 의미한다. 전일빌딩의 주소 역시 금남로 245번지다. 전남도청 바로 앞에 있던 전일빌딩은 당시 <전남일보> 사옥이기도 했다.             ⓒ 백창민   5.18 당시 전일빌딩 6층에는 사립 공공도서관인 '전일도서관'이 있었다. 전일도서관은 <전남일보>와 전일방송을 세운 남봉 김남중 회장이 사재를 들여 만든 도서관이다. 1970년 4월 25일 개관한 전일도서관은 광주에서 두 번째로 문을 연 공공도서관이다. 5천여 평의 면적에 좌석수 725석, 장서 5만 권으로 개관했다. 광주에 도서관이 턱없이 부족했기 때문에, 새벽부터 전일도서관에 들어가려는 사람이 전남도청 앞까지 줄을 서곤 했다. 1980년 시점에 광주시 도서관 좌석수를 살펴보면, 광주학생독립운동기념회관이 1019석, 전일도서관이 1023석이었다. 5.18 당시 전일도서관은 좌석수를 기준으로 광주에서 가장 큰 도서관이었다. 전일도서관은 1971년 7월 지방 최초로 이동문고 차량을 운영하기도 했다. <전남일보>에서 오랫동안 언론인으로 일한 양동균은 1973년 무렵 전일도서관 관장이었다. 1973년 한국도서관협회 총회에서 감사장을 받기도 했다. 광주 5.18로 수백 명의 언론인이 언론사를 떠나야 했지만, 양동균은 광주민주항쟁과 관련하여 해직 당한 드문 '도서관인'이 아닐까. 그는 1968년 <신동아> 11월호에 기고한 '호남 푸대접의 진상은 어떤가?'라는 글을 통해 박정희 정권의 호남 차별에 대해 문제를 제기하기도 했다.전일도서관은 김남중 회장 타계 후 '남봉도서관'으로 바뀌었다가 신문사가 매각되는 과정에서 문을 닫았다. 향토자료와 족보자료가 많았던 전일도서관 장서는 전남대와 조선대 도서관에 기증되었다. 5.18 당시 헬기의 총탄이 전일빌딩에 쏟아지던 그 때 전일도서관은 그 건물 6층에 자리하고 있었다.1986년 전두환은 10.28 건대항쟁 과정에서 헬기를 동원해 도서관에 있던 시위대를 진압했다. 이보다 6년 앞선 광주에서 전두환 신군부는 헬기를 통해 도서관이 있는 건물에 기관총탄을 퍼부었다. 군대와 경찰이 헬기를 동원해서 도서관 건물을 진압하고 총격을 가한 흔치 않은 사례다. 도서관 건물이 겪은 일련의 사태만으로 전두환 정권 시기가 얼마나 폭압적인 시대였는지 알 수 있다. 그나마 전두환 신군부가 준비한 전투기를 이용한 '광주 폭격'이 실행되지 않은 걸 다행으로 여겨야 할까. 5.18 당시 수원과 경남 사천 군용 비행장에서는 전투기가 폭탄을 장착하고 출격 명령만 기다리고 있었다. 신군부의 '광주 폭격' 계획은 미국 UCLA 동아시아 도서관 소장 자료를 통해 밝혀졌다. 전일빌딩에 자리한 <전남일보>는 광주민주항쟁 직후 1980년 6월 2일 발행이 재개된 신문 1면에 헤드라인을 이렇게 뽑았다.""무등산은 알고 있다""같은 날 <전남매일신문> 1면에는 김준태 시인의 시 '아아 광주여! 우리나라의 십자가여!'가 여러 구절 삭제된 채 실렸다. 109행에 달하는 시가 검열에 의해 잘리고 33행만이 실렸다.  ""하느님도 새떼들도떠나가버린 광주여그러나 사람다운 사람들만이아침 저녁으로 살아남아쓰러지고, 엎어지고, 다시 일어서는우리들의 피투성이 도시여죽음으로써 죽음을 물리치고죽음으로써 삶을 찾으려 했던아 광주여!우리나라의 십자가여!""<전남매일신문>은 곧 폐간 당했다. 전남고등학교 교사였던 김준태는 고문을 당한 후 교직에서 쫓겨 났다. 전일빌딩은 광주민주항쟁 40주년을 맞은 2020년 '전일빌딩 245'로 다시 문을 열었다. 245는 전일빌딩에서 발견된 총탄 245개를 의미한다. '전일도서관'은 사라졌지만, 새롭게 단장한 '전일빌딩 245' 2층과 3층에는 '디지털정보도서관'이 문을 열었다.'도서관'에 남은 항쟁의 흔적              ▲ 무등도서관 1981년 문을 연 무등도서관은 광주학생독립운동기념회관 도서관, 전일도서관에 이어 광주에서 세 번째로 문을 연 공공도서관이다. 35만 권 이상의 장서를 보유한 도서관으로 광주광역시에서 가장 많은 장서를 자랑한다. 좌석수는 1,004석이며 2019년 기준으로 도서관 예산도 광주 도서관 중 가장 많다.             ⓒ 백창민   '천주교 광주대교구청 본관'은 1961년 대건신학교로 지어져 광주 가톨릭대학교와 광주 가톨릭대학교 평생교육원, 광주 가톨릭 평생교육원으로 쓰인 건물이다. 대건신학교 시절 본관으로 쓰인 이 건물은 사무실, 교실 용도 외에 '도서관'으로 쓰였다. 2018년 근대문화유산으로 지정되었다. 계엄군의 헬기 기총 사격을 처음으로 증언한 조비오 신부는 광주 가톨릭 평생교육원의 초대 원장을 지냈다. 천주교 광주대교구청 근처에는 계엄군의 지휘본부 역할을 한 옛 '505보안부대' 터가 있다. 광주광역시 북구 면앙로에 자리한 '무등도서관'은 정주영 현대 회장이 5.18 민주화운동으로 고통받은 광주 시민을 위로하기 위해 1981년 지하 2층, 지상 3층의 도서관을 지어 광주시에 기부한 곳이다. 무등도서관 건립에 관여한 이종일 전 광주광역시 남구 문화원장의 회고에 의하면, 1981년 영광원전 시찰을 위해 전남에 온 전두환이 광주를 방문했다(전두환은 실제로 1981년 2월 19일 영광원전 7, 8호기 기공식에 참석했다). 전남도청 도지사실에서 환담이 이어질 때 김양배 광주시장은 도서관 건립 요청을 했다고 한다. 당시 이 자리에는 영광원전을 건설 중이던 현대 정주영 회장이 함께 배석했다. 김양배 시장의 요청을 들은 전두환이 정주영 회장에게 도서관 건립을 떠넘겼다. 현대는 총사업비 44억 원을 들여 무등도서관을 건립해서 기부했다.1981년 12월 15일 무등도서관은 문을 열었다. '관'이 지어야 할 공공도서관을 민간기업에게 떠밀어 지은 곳이 무등도서관이다. 무등도서관이 세워진 곳은 1980년 5월 22일 계엄군의 총격으로 시민 한 명이 사망한 자리이기도 하다. 무등도서관은 민주화 투쟁 과정에서 시민이 숨진 자리에 건립된 드문 도서관이다.SK가 지어 기부한 '수원선경도서관', 대우가 기부한 '우당도서관'이 도서관에 기업 이름(선경)이나 김우중 총수의 부친 호(우당)를 명명한 것과 달리, 현대는 무등도서관에 그 흔적을 남기지 않았다. 무등도서관 건립 시점에 현대건설 대표는 이명박이다. 35만 권의 장서를 보유한 무등도서관은 장서량을 기준으로 광주에서 가장 큰 도서관이다. 도서관은 아니지만 '녹두서점'은 5.18 당시 들불야학을 이끈 윤상원이 들불야학 강학, 노동자와 함께 <투사회보>를 만든 곳이다. 광주민주항쟁 당시 녹두서점은 <투사회보>를 통해 시민의 눈과 귀, 지도부 역할을 담당했다. 신문과 방송이 관제 언론으로 전락한 상황에서 <투사회보>는 광주에서 유일하게 언론 역할을 했다. 1980년 6월 녹두서점은 없어지고 그 터에 표지석만 남았다.5.18 당시 항쟁홍보팀의 본부 역할을 한 'YWCA회관' 2층에는 광주양서협동조합이 자리했다. 광주 여성운동의 산실이자 반독재 민주화 투쟁의 공간이었던 YWCA회관은 건축가 김한섭이 설계한 건물이다. 1980년 5월 27일 새벽 30여 명의 시민군이 이곳에서 싸우다가 죽고 체포되었다. 5월 20일 택시와 버스 운전사가 집결해 차량 시위를 시작한 무등경기장도 김한섭이 설계했다. 금남로4가역 근처에는 '5.18민주화운동기록관'이 있다. 광주 가톨릭센터를 리모델링해서 기록관으로 만들었다. 1975년 지은 광주 가톨릭센터는 철근콘크리트로 지은 지하 1층, 지상 7층 건물로 박강평이 설계했다. 해방 전에는 전남재판소와 광주법원이 이 자리에 있었다. 2011년 5월 25일 유네스코 '세계기록유산'으로 지정된 5.18 광주민주항쟁 기록물이 소장되어 있고 다양한 전시도 이뤄진다. 이 건물 4층에는 인권과 민주화 운동을 소재로 한 자료, 교양도서를 3만 권 가까이 소장한 5.18민주화운동기록관 '도서관'이 있다.5.18 과정에서 시민군은 전남대학교 부속 병원 옥상에 경기관총(LMG) 2대를 설치했다. 시민군이 옥상을 지킨 전남대학교 부속병원은 계엄군의 총격과 폭력에 부상 당한 시민을 헌신적으로 치료한 곳이다. 계엄군은 환자가 몰린 전남대학교 부속병원에 총격을 가했다. 총알이 날아와 수술실 유리창을 뚫고 천장에 박히기도 했다. 1층 응급실, 3층 원장실, 11층 입원실에도 총알이 날아왔다. 전남대학교 병원 의료진은 야전병원이나 다름없는 병원을 지키며 환자와 시민을 돌봤다. 당시 12층이었던 전남대학교 부속병원은 광주에서 손꼽히는 고층 건물이었다. 영화 <택시운전사>의 실제 주인공 위르겐 힌츠페터(Jürgen Hinzpeter)를 비롯한 여러 외국인 기자가 전남대학교 병원 옥상에 머물며 취재를 했다. 병원 옥상 바로 아래 12층에는 전남대학교 부속병원 '도서실'이 자리했다. 전남대학교 부속병원은 광주 최초의 근대 의료기관인 자혜의원이 있던 자리다. 전남대 부속병원은 한때 국립중앙도서관으로 쓰인 남산 어린이회관을 설계한 이광노의 작품이다.오월길과 오월도서관길               ▲ 광주학생교육문화회관 광주학생교육문화회관은 광주광역시에서 부지와 건물 면적이 가장 큰 도서관이다. 건물 면적에 비해 좌석수는 530석으로 많지 않은 편이다. 2001년 문을 열었고, 장서량은 19만 권이다. 광주학생교육문화회관 옆에는 5.18민주화운동학생기념탑이 서 있다. 5.18기념공원은 옛 상무대 자리에 조성되었다.             ⓒ 백창민   2002년 국립묘지로 승격된 5.18민주묘지에는 '5.18추모관'이 있다. 추모관에는 시민의 시신을 감쌌던 비닐과 태극기, 유품, 계엄군의 진압장비가 전시되어 있다. 지하 1층, 지상 3층 규모의 5.18추모관은 김인호가 설계했다. 추모관 3층에는 5.18 관련 서적을 비치한 '자료실'이 있다.전남도청이 광주에서 무안군 신청사로 이전하면서 2015년 9월 '국립아시아문화전당'(ACC : asian culture complex)이 조성되었다. 아시아 문화중심도시로 광주를 자리매김할 문화발전소로 국립아시아문화전당을 건립한 것이다. 2003년부터 건립 계획에 착수했으나 햇수로 13년 만에 문을 열었다.국립아시아문화전당은 14만 제곱미터 면적에 지하 4층, 지상 1층으로 조성했다. 지상보다 지하 공간이 더 큰 이유는 금남로에서 무등산을 조망할 수 있도록 하고, 옛 전남도청을 돋보이도록 하기 위함이다. 광주민주항쟁의 현장인 전남도청은 아시아문화전당의 일부가 되었다. 국립아시아문화전당은 건립 과정에서 지역 사회의 반발에 부딪히기도 했다. 광주의 새로운 '랜드마크'의 탄생을 기대했던 시민들은 대부분의 시설물이 지하에 들어서는 당선작의 컨셉을 이해하기 어려웠다. 당선작에 대해 46차례의 공공 프레젠테이션이 실시되었지만, 완공 후에도 큰 논란을 일으켰다. 국립아시아문화전당은 문화 콘텐츠를 보존하고 활용하는 문화정보원, 기획과 창작 시설을 갖춘 문화창조원, 아시아 공연 예술을 선보이는 예술극장, 어린이 놀이와 체험 시설을 갖춘 어린이문화원, 5.18 민주화운동의 가치를 알리고 공유하는 민주평화교류원 5개 공간으로 이뤄져 있다. '빛의 숲'(forest of light)이라는 주제로 건립된 국립아시아문화전당 설계자는 재미 건축가 우규승이다. 환기미술관과 하버드대학 대학원 기숙사, 다트머스 의과대학이 그의 작품이다. 자신의 건축물이 '빛고을의 숲'으로 자리매김하길 원했던 건축가는 '비건축화'라는 시도를 통해 국립아시아문화전당을 구현했다. 국립아시아문화전당이 특정한 외관이나 얼굴이라 할 수 있는 파사드(façade)가 없는 건축물인 이유다. 지상에 조경을 하고 건물은 지중화했기 때문에 국립아시아문화전당은 일반 건물에 비해 40% 정도 에너지 절감 효과가 있다. 도청 앞에는 5.18민주광장을 두어 도시와 연결하고, 건축물 안에는 중정 개념의 문화 광장을 반지하 형태로 배치했다. 국립아시아문화전당 문화정보원에는 '라이브러리 파크'(library park)가, 어린이문화원에는 '어린이도서관'이 있다. 광주광역시 동구 장동에는 인권에 관한 장서를 2천여 권 소장한 '알암인권작은도서관'이 있다. 민간에서 문을 연 최초의 인권도서관으로 고 알암 명노근 교수를 기념하여 도서관 이름을 지었다. 명노근 교수는 5.18 과정에서 수습대책위원으로 활동하기도 했다.5.18 당시 시위대의 집결지로 계엄군과 공방이 오갔던 산수오거리 근처 산수공원에는 1997년 '산수도서관'이 문을 열었다. 산수오거리는 작가 임철우가 1997년 다섯 권으로 발간한 장편소설 <봄날>의 첫 번째 에피소드 배경으로 등장하는 곳이다. 도청에서 최후 항전이 있던 5월 27일 새벽, 도청 외곽에도 경계를 선 시민군이 있었다. 10여 명의 시민군이 있던 사직공원은 그런 곳 중 하나다. 사직공원은 풍년을 기원하던 사직단이 있던 곳이다. 시민군 6명이 계엄군에 체포된 사직공원엔 1989년 '사직도서관'이 문을 열었다. 사직도서관은 23만 권의 장서를 보유하고 있다. 광주공원은 5.18 당시 시민군이 무기를 배분하고 훈련을 하던 곳으로 5월 27일 계엄군이 점령한 주요 거점 중 하나다. 광주공원 빛고을시민문화관에는 '문화예술작은도서관'이 문을 열었다. 옛 구동공원인 '광주공원'은 광주 최초의 근대 공원이다. 일제 강점기에는 광주신사가 자리했다. 광주공원에 있는 광주향교는 1929년 '광주도서관'을 열기도 했다. '금호평생교육관'이 있는 월산동 주변은 5월 27일 새벽 시민군과 7공수여단 사이에 교전이 벌어졌던 곳이다. 교전 과정에서 시민군이 1명, 7공수여단의 장교 1명이 사망했다. 상무대 자리에 조성된 5.18기념공원에는 '광주학생교육문화회관'이 있다. 광주학생교육문화회관 옆에는 5.18민주화운동학생기념탑이 있다. 1980년 5월 26일 수습대책위원과 시민이 줄지어 걸어가 '죽음의 행진'을 했던 농성광장 주변에는 2015년 '상록도서관'이 문을 열었다. 계엄군에 부상당한 시민을 헌신적으로 진료한 광주기독병원 옆에는 수피아(Speer)여학교 커티스메모리얼홀(The Bell memorial chapel)이 있다. 조적조와 목조 트러스로 지은 이 건물은 지하 1층, 지상 1층 짜리 건물이다. 1925년 완공된 이 건물은 100년 가까운 역사를 자랑하는 근대 문화유산이다. 커티스메모리얼홀 지하에는 '도서실'이 있다.5.18 시기 광주 시위대는 참상을 알리고 무기를 확보하기 위해 전남 곳곳으로 내달렸다. 1973년 개관한 나주공공도서관 근처에는 옛 금성파출소 예비군 무기고 터가 있다. 이곳에서 시위대는 소총과 다량의 수류탄을 입수해서 무장했다. 나주 시민군이 거점으로 활용한 남고문 광장도 근처에 있다. 광주를 빠져나온 또 다른 시위대는 강진에 도착해서 강진읍 교회에 거점을 두고 활동했다. 강진읍교회 근처에는 1965년 문을 연 '강진군도서관'이 있다. 함평공원은 5월 22일 함평군민 궐기대회가 일어난 곳이다. 1988년 함평공원 근처에 함평공공도서관이 문을 열었다. 1973년 개관한 화순공공도서관 근처 화순경찰서에서 시위대는 총기와 수류탄을 확보했다. 화순공공도서관 옆 화순경찰서 사거리는 화순광업소에서 반출한 다이너마이트를 시위대가 차량에 싣고 광주로 출발한 곳이다. 1980년 5월 21일 해남군민에게 광주 소식을 처음 알린 곳은 해남군청 군민광장이다.  군청 군민관장에는 2002년 '해남군립도서관'이 문을 열었다. 1974년부터 목포시립도서관으로 쓰인 목포근대역사관 옆에는 옛 목포3해역 사령부 헌병대 터가 있다. 이곳은 5.18 당시 목포 지역 민주인사를 폭행하고 구금한 곳이다. 광주학생독립운동기념회관과 광주중앙도서관까지 생각하면, 광주 도서관 곳곳이 항일독립운동과 민주화 운동 사적이나 다름없다. 광주는 5.18 사적지를 연결하여 '오월길'이라는 답사코스로 소개하고 있다. '오월 도서관길'과 '학생독립운동 도서관길'을 따로 만들 수 있을 정도로 광주의 도서관은 5.18과 광주학생독립운동 사적지가 많다.민주주의의 횃불로 타오른 빛고을              ▲ 다양한 판본으로 출간된 <죽음을 넘어 시대의 어둠을 넘어> 2020년 서울기록원에서 “넘어 넘어 : 진실을 말하는 용기”라는 주제로 여러 가지 판본으로 출간된 <죽음을 넘어 시대의 어둠을 넘어>를 전시했다. 1985년 5월 제본도 안 된 상태에서 책은 모두 압수당하고, 작가와 출판사 대표는 체포되었다. 이 책은 1987년이 되어서야 시중 서점에서 판매되기 시작했다. 책제목은 문병란 시인의 <부활의 노래> 시 구절에서 따왔다.             ⓒ 백창민   5.18 광주민주항쟁 후 오랫동안 광주에서 일어난 진실을 알리는 일 자체가 신군부에 의해 봉쇄되었다. 광주민주항쟁이 끝난 1980년 6월 23일 무장군인 다섯 명이 광주 미문화원 '도서관'에 난입했다. <타임>이나 <뉴스위크>에 실린 계엄군 기사를 찾아내 시민이 열람하는 걸 막기 위해서였다. 주한미국대사관은 이 사건을 비밀문서로 작성해 본국에 보고했다.광주민주항쟁 이야기는 노래와 책, 그림과 영상.영화로 만들어져 퍼졌다. '임을 위한 행진곡'은 최후 항쟁을 주도한 윤상원과 들불야학 강학으로 일하다 숨진 박기순의 영혼 결혼식을 다룬 노래굿 넋풀이를 통해 발표된 곡이다. '임을 위한 행진곡'은 세계로 퍼져 '사랑의 행진곡', '노동 투쟁가', '연대의 노래'로 불리고 있다. 친일파 안익태가 작곡한 '애국가' 대신 '임을 위한 행진곡'을 국가로 정하자는 의견도 있다.광주의 진실을 담은 책도 여럿 발간되어 퍼져 나갔다. 소준섭이 7개월에 걸쳐 정리한 <광주백서>는 책자 형태로 광주의 진실을 처음 알린 책이다. 소준섭은 국회도서관에서 조사관으로 일하고 있다. '넘어 넘어'라는 이름으로 유명한 <죽음을 넘어 시대의 어둠을 넘어>는 5.18을 알린 가장 대표적인 책 중 하나다. 1985년 책이 출간되자마자 2만 권이 압수당했다. 대표 작가로 이름을 올린 황석영과 책을 출간한 풀빛출판사 대표 나병식도 곧바로 연행 당했다.<죽음을 넘어 시대의 어둠을 넘어> 초판이 표지 디자인도 제대로 작업하지 못한 채, 출간된 이유는 이 때문이다. 이 책을 출간한 나병식은 광주제일고등학교 출신으로 1973년 서울대 문리대 도서관에서 터진 10.2 시위를 주도했다. 민청학련 사건으로 사형을 언도받기도 했다. 학생운동가로 출판문화운동가로 세상에 파란을 일으키던 '만파'(萬波) 나병식은 2013년 세상을 떠났다. 1975년 4월 11일 서울대 농대 김상진은 양심선언을 낭독하고 할복했다. 같은 해 5월 13일 박정희 유신 정권은 긴급 조치 9호를 발동했다. 긴급조치 9호가 발동된 지 열흘이 되지 않아 서울대학교 중앙도서관 앞 아크로폴리스에서 5.22 시위가 터졌다. 이 시위에서 김상진의 넋을 기리는 <지노귀굿>에 참여한 멤버 중에 장만철이 있다. 장만철은 영화감독 장선우다. 장선우는 <꽃잎>(1996)이라는 제목으로 광주민주항쟁을 스크린에 옮겼다. 영화 <박하사탕>(1999)에서 계엄군으로 상처를 그린 영화 감독 이창동은 2003년부터 1년여 동안 문화관광부 장관으로 '도서관' 정책을 이끌었다. '학교도서관'을 귀신이 등장하는 공간으로 그린 영화 <여고괴담>(1998)에 연출부로 참여한 김지훈은 5.18을 정면으로 다룬 영화 <화려한 휴가>(2007)를 찍었다. 영화 <음란서생>(2006)에서 조선의 책대여점 '세책점'을 묘사한 조근현 감독은 강풀의 웹툰을 같은 이름의 영화 <26년>(2012)으로 연출했다. 1981년 5월 26일 서울대학교 경제학과 4학년 김태훈은 중앙도서관 6층에서 ""전두환 물러가라""라는 구호를 외친 후 투신 사망했다. 5.18 5주년을 맞은 1985년 5월에는 미 문화원 '도서관' 점거 농성 사건이 터졌다. 5.18 이후 전국의 대학도서관은 광주의 진실을 알리려는 투쟁과 유인물 배포의 공간이 되었다. 1988년부터 다음해까지 이어진 '광주 사태 진상 규명을 위한 국회 청문회'는 대한민국 역사상 처음 열린 청문회다. TV를 통해 중계된 청문회는 40% 넘는 시청률을 기록할 정도로 온 국민의 관심을 집중시켰다. 광주의 진실을 향한 노력은 이어져 1997년 4월 17일 대법원은 '내란 및 내란 목적을 위한 살인 행위'로 전두환에게 무기징역을, 노태우에게 징역 17년을 선고했다. 1997년 12월 김영삼은 전두환과 노태우를 '특별사면'했다.5.18 이후 민주화를 위한 투쟁을 통해 6월 항쟁이 일어나고, 1987년 개헌을 통해 1991년 지방자치제가 부활했다. 이를 통해 전국 곳곳에 수많은 공공도서관이 세워졌다. 민주화 시대로 접어들면서 도서관 수가 양적으로 크게 '확대'된 것이다. 권위적이고 천편일률적인 모습의 도서관 '건축'에도 변화의 바람이 일었다. 도서관 '구조'는 폐가제에서 개가제로, '공간'은 이용자 친화적으로 바뀌었다. 검열되던 '장서'는 시민이 원하는 책으로 채워졌다. '서비스'도 도서관 이용자인 시민의 눈높이에 맞게 바뀌었다. 이를 생각하면 5.18 광주민주항쟁은 우리가 누리는 도서관을 일군 '전환점'이기도 하다. 책을 매개로 한 독서회를 통해 학생독립운동을 일으키며 광주는 식민지 조선의 '빛'이 되었다. 들불야학과 녹두서점에서 책을 통해 시대의 어둠을 밝히려 했던 이들이 광주민주항쟁의 선두에 섰다. 그들의 고결한 희생 덕분에 우리는 한 걸음 전진했다. '빛고을'은 그 이름처럼 민주주의의 횃불로 타올랐다. 저항 정신으로 일어선 광주는 우리 시대의 '텍스트'이고, 그 자체로 시대정신을 담은 거대한 '도서관'이다.우리에게 '광주'는 무엇인가              ▲ 국립아시아문화전당 라이브러리 파크 국립아시아문화전당(ACC) 문화정보원에는 ‘라이브러리 파크’(Library park)가 있다. 라이브러리 파크는 도서관과 박물관, 아카이브, 상영관, 커뮤니티룸, 휴식공간이 결합된 새로운 문화 공간이다. ‘라비키움’을 지향하는 공간이며, 아시아의 다양한 문화 자원을 만날 수 있다. 라이브러리 파크는 대나무 정원과 통하도록 설계됐다.             ⓒ 백창민   작가 유시민의 말처럼 광주의 희생과 참혹한 패배는 사람들에게 깊은 상처를 남겼다. 부마항쟁과 광주항쟁 모두 국지적 봉기였기에 성공할 수 없었다. 유시민은 광주항쟁을 이렇게 평했다.""참혹한 패배로 막을 내린 광주민중항쟁은 많은 국민의 가슴에 깊은 죄책감을 남겼다. 신군부가 광주에서 무자비한 살상을 저지를 수 있었던 것은 다른 지역 시민들이 계엄군의 폭력에 굴복했기 때문이었다. 그로부터 7년이 지난 1987년 6월, 민주헌법쟁취국민운동본부는 어느 지역도 고립되지 않는 전국적 도시봉기를 정밀하게 기획하고 준비했다. 광주 시민들만 홀로 고립의 아픔을 겪게 만든 1980년 5월의 잘못을 반복하지 않으려고 노력했다. 6월 민주항쟁은 사실상 광주민중항쟁의 전국적 확대판이었다.""역사학자 한홍구는 이렇게 말했다.""광주는 그 자체만 놓고 본다면 실패한 무장봉기입니다. 처절하게 패배한 봉기였지요. 그러나 긴 역사에서 볼 때 광주만큼 성공한 운동도 찾기 어려울 겁니다. 광주는 그야말로 새로운 시대를 열었습니다. 1980년대 이후 한 세대에 걸친 역사가 광주로부터 비롯되었습니다. 패배한 싸움이었던 광주가 새 시대를 열 수 있었던 것은 잘 졌기 때문입니다. (중략) 광주에서의 죽음은, 광주의 장엄한 패배는 수많은 광주의 자식에 의해 위대하게 부활했습니다.""1987년 6월 항쟁을 통한 한국의 민주화는 결국 광주로부터 비롯되었다. 다시 한홍구 교수의 글이다.""살아남은 자의 슬픔, 이 말은 1980년대를 이해하는 가장 중요한 말입니다. 그리고 7년이 지난 후 6월 항쟁이 일어났습니다. 6월 항쟁을 가장 쉽게 설명하면, 1980년 5월 도청에서 도망갔던 사람들이 다시 모인 사건, 1980년 5월 26일 밤에 품었던 질문을 안고 살아온 이들이 다시 모인 사건이라고 할 수 있습니다.""광주의 희생을 통해, 우리는 시대의 어둠을 건넜다. 작가 한강이 2009년 '용산참사'를 바라보며 ""저건 광주잖아""라고 혼잣말 한 것처럼 ""광주는 고립된 것, 힘으로 짓밟힌 것, 훼손된 것, 훼손되지 말았어야 했던 것의 다른 이름""이다. 용산과 세월호 같은 '참사'가 계속되는 한, 우리에게 광주는 '과거완료형'이 아닌 '현재진행형'이다. [광주중앙도서관]- 주소 : 광주광역시 동구 장동로 23-16,- 이용시간 : 정보자료실/어린이실/디지털자료실(평일 09:00 - 18:00, 09:00 - 17:00), 간행물실(평일 09:00 - 22:00, 공휴일 09:00 - 18:00), 학습실(평일 07:00 - 22:00, 공휴일 09:00 - 18:00)- 휴관일 : 매월 둘째, 넷째 월요일설·추석 당일/특별한 사유로 관장이 정한 날/개관기념일(7월 2일)- 이용자격 : 광주시민/재외국민 국내거소신고증 또는 외국인등록증을 소지한 외국인- 홈페이지 : http://lib.gen.go.kr/jungang/- 전화 : 062-607-1300- 운영기관 : 광주광역시교육청[광주학생독립운동기념회관 도서관]- 주소 : 광주광역시 서구 학생독립로 30 (화정동)- 이용시간 : 종합자료실 / 디지털자료실 / 어린이실 / 장애인실 / 북카페 (평일 09:00 - 18:00, 주말 09:00 - 17:00), 학습실 : 07:00 - 22:00- 휴관일 : 매월 첫째, 셋째 월요일, 특별한 사유로 관장이 정한 날, 개관기념일(11월3일)- 이용자격 : 이용자격 제한 없음, 무료- 홈페이지 : http://lib.gen.go.kr/student/- 전화 : 062-221-5500- 운영기관 : 광주학생독립운동기념회[5.18민주화운동기록관 도서관]- 주소 : 광주광역시 동구 금남로 221 5.18민주화운동기록관 3층- 이용시간 : 평일(09:00 - 18:00), 토·일·공휴일(09:00 - 18:00)- 휴관일 : 1월 1일, 설날, 추석, 매주 월요일- 이용자격 : 이용자격 제한 없음, 무료- 홈페이지 : http://www.518archives.go.kr/- 전화 : 062-613-8204- 운영기관 : 5·18민주화운동기록관[전일빌딩 245 디지털정보도서관]- 주소 : 광주광역시 동구 금남로 245 전일빌딩 2-3층- 이용시간 : 10:00 - 19:00- 휴관일 : 1월 1일, 설날, 추석,- 이용자격 : 이용자격 제한 없음, 무료- 홈페이지 : 없음- 전화 : 062-613-8294- 운영기관 : 광주광역시[무등도서관]- 주소 : 광주광역시 북구 면앙로 130- 이용시간 : 종합자료실(평일 09:00 - 22:00, 주말 09:00 - 17:00), 어린이실/디지털자료실/장애인실/다문화자료실/어메리칸코너(평일 09:00 - 18:00, 주말 09:00 - 17:00, 주말에는 어린이실과 디지털자료실만 개방), 열람실(평일 07:00 - 23:00, 주말 07:00 - 22:00)- 휴관일 : 매월 둘째, 넷째 월요일, 법정공휴일- 이용자격 : 이용자격 제한 없음, 무료- 홈페이지 : https://citylib.gwangju.kr/main- 전화 : 062-613-7753- 운영기관 : 광주광역시[국립아시아문화전당 라이브러리파크]- 주소 : 광주광역시 동구 문화전당로 38 국립아시아문화전당 문화정보원 지하 3층- 이용시간 : 평일 10:00 - 22:00, 일요일 10:00 - 18:00- 휴관일 : 매주 월요일, 1월 1일- 이용자격 : 이용자격 제한 없음, 무료- 홈페이지 : https://www.acc.go.kr/main/index.do- 전화 : 1899-5566- 운영기관 : 국립아시아문화전당저작권자(c) 오마이뉴스(시민기자), 무단 전재 및 재배포 금지덧붙이는 글 | '빛고을 광주의 도서관'을 다룬 이 기사는 ①편과 ②편 2개의 기사로 나뉘어 있습니다. 이 글은 ②편입니다. ▶코로나19 속보 보기 [오라이브]▶네이버에서 오마이뉴스 채널 구독하기▶<삶을 위한 수업> 덴마크 교사들의 수업 철학"
18,2020.06.29. 오후 5:16,"통합당 소속 과방위에 김은혜, 문체위에 배현진·지성호 배정   ","상임위원장은 여당 몫…박성중·박대출 등 과방위, 지성호·김석기 등 문체위  [미디어오늘 장슬기 기자]우여곡절 끝에 21대 국회 원구성을 완료했다. 29일 박병석 국회의장은 미래통합당 의원 103명의 상임위를 배정했다. 여당과 비교섭단체 의원들의 경우 지난 15일 상임위를 결정했다. 미디어 관련 상임위에 어떤 의원들이 속했는지 살펴봤다. 국회 과학기술정보방송통신위원회(과방위)에 통합당 허은아, 조명희, 박성중, 박대출, 김상훈, 이영, 김은혜 의원 등 7명을 배정했다. 허은아, 조명희 두 의원은 과방위를 1순위로 지목한 의원이다. 승무원 출신으로 이미지컨설팅 업체 대표 등을 지낸 허 의원은 지난 1월 자유한국당 영입인사로 정치에 입문했다. 조 의원은 경북대 융복합시스템공학부 교수로 지난 정부 시절 대통령 소속 국가우주위원회 위원을 지냈다. ▲ 박대출 미래통합당 의원. 사진=민중의소리 박성중, 박대출 의원은 지난 국회에서 과방위에서 활동했다. 박성중 의원은 지난 국회에서 당시 자유한국당 미디어특위 공동위원장을 맡기도 했다. 박대출 의원은 지난 국회에서 같은당 '언론장악 저지 및 KBS 수신료 분리징수 특위' 위원장을 맡았다. 박 의원은 이번 국회에서 과방위원장을 희망했지만 여당이 위원장을 맡아 무산됐다. 김상훈 의원은 대구시 공무원 출신으로 19대 국회에서 산업통상자원위원회, 20대 국회에서 보건복지위원회, 국토교통위원회 등에서 일했다. 이번 국회에서도 국토위 배정을 염두에 뒀지만 과방위에 배정됐다. 이영 의원은 카이스트에서 암호학 석사와 박사과정을 수료하고 보안기업을 20년간 운영해왔다. 한국여성벤처협회장 등을 역임했고, IT 중소벤처기업가로 알려졌다. 김은혜 의원은 MBC 메인뉴스 앵커 출신으로 이명박 정부 청와대 대변인, KT 커뮤니케이션실장(전무), MBN 특임이사 등을 거쳐 과방위 관련 분야를 두루 경험했다. 현재 통합당 대변인을 맡고 있다. 여당에선 박광온 위원장을 비롯해 조승래(간사 내정), 변재일, 우상호, 전혜숙, 조정식, 김상희, 정필모, 한준호, 윤영찬, 홍정민, 이용빈 의원이 과방위에 배정했다. 비교섭단체 몫으론 무소속 양정숙 의원을 배정했다. [관련기사 : '언론계 공론장' 국회 과방위 야당 대표선수 오리무중] 국회 문화체육관광위원회(문체위)엔 통합당 김예지, 지성호, 배현진, 이용, 황보승희, 김석기 의원을 배정했다. 김예지 의원은 시각장애인 피아니스트 출신 정치인으로 지난 3월 한선교 당시 미래한국당 대표가 1호로 영입한 인사다. 안내견 조이가 함께 주목받기도 했다. 지성호 의원의 경우 태영호 의원과 함께 북한이탈주민 출신 정치인으로 외교통일위원회를 지망했지만 문체위로 배정했다. ▲ 배현진 미래통합당 의원. 사진=배현진 유튜브 갈무리 배현진 의원은 MBC 메인뉴스 앵커 출신으로 지난 2017년 자유한국당에 영입돼 이듬해 '좌파정권 방송장악 피해자지원 특위' 위원으로 활동했다. 현재 통합당 원내대변인이다. 이용 의원은 전직 루지(동계올림픽 썰매 종목) 국가대표 출신인 체육계 인사다. 1호 법안으로 체육인 복지법을 포함한 '스포츠 선진국 대한민국 5대 법안'을 대표발의했다. 황보승희 의원은 부산에서 2004년 최연소 구의원으로 당선됐고 이후 부산시의원을 지냈다. 노무현 대통령 탄핵에 항의하는 뜻으로 부산에서 진행한 촛불집회에 참여하기도 했다. 김석기 의원은 이명박 정부 초기 서울지방경찰청장을 역임하다 2009년 1월 용산참사의 책임을 지고 경질됐다. 이후 한국자유총연맹 부총재, 주일 오사카 총영사, 한국공항공사 사장을 거쳐 지난 국회에 이어 재선에 성공했다. 지난 국회 상반기에 교육문화체육관광위원회를 맡은 바 있다. 여당에선 문체위에 도종환(위원장), 김승원, 박정, 유정주, 이병훈, 이상직, 이상헌, 임오경, 전용기 의원을 배정했다. 비교섭단체 몫으론 무소속 윤상현 의원을 배정했다.장슬기 기자[네이버 메인에서 미디어오늘 구독하기][네이버 TV에서 미디어오늘 바로가기]<Copyright ⓒ 미디어오늘. 무단전재 및 재배포 금지>		"
19,2020.06.02. 오전 10:46,"[양산24시] ""식수원인 낙동강에 1.4-다이옥산 배출 업체 적발""","신동헌 행복타운 도시재생 뉴딜사업 본격 시동양산시, 시내버스 체계 전면 개편부산과 울산, 양산시민의 상수원인 낙동강에 1.4-다이옥산을 배출한 업체가 경남도, 양산시, 낙동강유역환경청으로 구성된 합동조사단의 현장 조사결과 일부 공장에서 무단 방류한 것으로 확인됐다.낙동강유역환경청과 양산시 등은 지난달 22일부터 25일까지 양산 동면 수질정화공원(하수처리장)으로 폐수를 보내는 27개 업체를 대상으로 조사할 결과 1.4-다이옥산을 초과 배출한 2개 업체를 적발했다고 밝혔다.양산 산막공단 전경ⓒ양산시양산시가 양산산막공단 내 A업체의 폐수 방류수를 채취해 경남도보건환경연구원에서 시료를 분석한 결과 1.4-다이옥산 방류 기준치(4,000㎍/ℓ)를 7배 정도 초과한 것으로 나타났다. B업체도 방류 기준치(청정지역 50㎍/ℓ)를 초과한 1.4-다이옥산을 배출한 것으로 확인됐다. 낙동강환경관리청은 이들 업체에 대해 폐수처리시설 사용중지 명령을 받고, 지난달 28일부터 폐수처리시설 가동을 중단했다이번에 적발된 업체가 내보낸 1.4-다이옥산의 경우 9만 톤(수질정화공원으로 유입되는 하루 오·폐수 양)가량의 오·폐수에 희석됐는데도 150㎍/ℓ이 검출돼 고농도의 다이옥산을 무단 배출했다는 것을 입증하고 있다.이번 조사는 지난 5월 2일 양산 물금취수장에서 1.4-다이옥산이 5㎍/ℓ 검출되자 배출원을 찾기 위해 진행됐다. 부산시 상수도사업본부는 다이옥산이 검출된 사실을 발생 19일이 지난 5월 21일 밝혀 민감한 정보를 시민에게 숨겼다는 비판을 받았다.이후 물금취수장 하류인 동면하수처리장, 호포대교에서는 1.4-다이옥산이 각각 8000㎍/ℓ, 2850㎍/ℓ나 검출됐다는 사실이 밝혀졌지만, 오염물질 배출원은 파악되지 않고 있었다.일부 공장 폐수에서 다이옥산이 검출됐지만, 아직 결과가 다 나온 게 아니다. 1차 조사 마지막 날인 지난 달 27일 채취한 시료는 현재 분석 중이다. 합동조사단은 3일 공식 조사결과를 발표하겠다고 말했다. 이날 낙동강 하류에서 검출된 다이옥산과 산막산단에서 흘러나온 다이옥산의 연관성이 드러날 것으로 보인다.합동조사단은 1차 조사가 끝난 직후인 지난 5월 28일 2차 조사에 들어갔다. 업종 범위를 넓혀 업체 67곳을 조사하고 있다. 경남도 관계자는 ""만약 2차 조사에서도 다이옥산이 대량으로 검출되는 업체들이 적발된다면 조사 범위를 더 확대할 계획""이라고 밝혔다. 현재 양산에서 다이옥산을 배출한다고 신고한 업체는 한 곳도 없다.세계보건기구(WHO)는 1.4-다이옥산 농도 권고기준을 50㎍/ℓ로 제시했고 국제암연구센터(IARC)에서는 암을 유발할 가능성이 있는 물질(환경호르몬)로 지목했다.◇신동헌 행복타운 도시재생 뉴딜사업 본격 시동조선시대 양산읍성으로 둘러싸여 관아가 자리했던 양산 북부동 일대에 '신동헌 행복타운 조성사업'이 추진되면서 도시재생 뉴딜사업이 본격 추진된다. 지금의 남부동 시청사 이전 전까지 군청사가 있었던 곳이기도 하다.양산 북부동 일대에 '신동헌 행복타운 조성사업'이 추진되면서 도시재생 뉴딜사업이 본격 추진된다ⓒ양산시양산시는 사업비 1억3000만 원을 들여 북부지구 도시재생 뉴딜사업의 일환인 '신동헌 행복타운 조성사업'의 실시설계 용역에 착수할 계획이라고 밝혔다.신동헌 행복타운 조성사업은 옛 양산읍성 내 시설인 중앙동행정복지센터와 장애인복지관 주차장 등 3000㎡ 규모에 도심 숲 및 커뮤니티 광장을 조성하는 '행복마당 도심숲' 사업과 가로환경을 정비해 폭 8~10m, 길이 880m 규모의 '신동헌 가는 길'을 만드는 사업으로 이루어진다.이곳에는 역사적 자산을 기록한 표지석과 공공디자인을 입힌 가로시설물 설치해 문화해설사가 이 일대 읍성 등의 역사를 설명하도록 한다. 사업비는 23억 원, 내년 12월 준공예정이다.또 맞은편 군청사로 사용하다 일반에 매각됐던 칠칠공사 건물과 축협창고 자리에 원도심 역사문화 기록과 전시가 가능한 원도심 문화카페와 아카이브센터를 조성할 계획이다.이를 통해 문화활동과 공동체 활동의 장으로써 생활문화공동체의 중심공간으로 전환해 원도심의 새로운 기능과 활력을 제고한다는 취지다.한편, 북부동 416-3번지 일원 북부지구는 '양산 원도심, 양주골의 미래혁신을 양산하다'는 비전으로 지난해 10월 10일 국토교통부 '도시재생 뉴딜사업'에 최종 선정돼 국비 150억원 등 총 265억 원을 투입해 내년 1월부터 2024년 12월까지 약 4년간 추진된다.◇양산시, 시내버스 체계 전면 개편양산시가 부산 노포~양산 북정동을 연결하는 부산도시철도 1호선 개통 등 지역 교통여건 변화에 맞춰 시내버스 체계를 전면 개편한다. 양산시는 내년 1월 시내버스·마을버스 체계개편을 위한 주민 설명회와 공청회 등을 거쳐 같은 해 8월 용역을 마무리할 계획이라고 밝혔다.시는 2021년 말 동면 사송신도시 입주와 2024년 부산도시철도 1호선 양산선 개통에 맞춰 장·단기로 구분해 시내·마을버스 노선을 개편한다는 계획이다. 또 시내버스 지선체계도 대대적으로 개선키로 했다. 양산 시내버스 환승센터에서 웅상 방면 운행횟수와 동면 석금산신도시, 물금신도시 등 주거 밀집지로의 운행횟수를 늘리는 반면 시가지 주요 목적지를 연결하는 버스 운행시간은 단축시킨다는 계획이다.이를 위해 일정 정도 시내버스를 증차하고, 시내버스 환승센터도 현재 중부동 한 곳에서 여러 개로 늘리는 방안을 검토하고 있다.한편 시는 지난 2016년 중부동 시외버스 터미널 부근에 시내버스 통합환승센터를 설치, 이 곳을 중심으로 버스 노선을 개편 했다.부산경남취재본부 박치현 기자 sisa518@sisajournal.com<저작권자 ⓒ 시사저널, 무단 전재 및 재배포 금지>☞ 네이버에서 시사저널 뉴스를 받아 보세요 ▶ 시사저널 최신호 보기 ▶ 시사저널 유튜브 채널 '시사저널TV' 보기"
20,2020.06.22. 오후 7:42,범천동 스쿨존 주차장 폐지부터 하더니…도차량정비단 이전 결정에 땅값 올라 ‘난감’,"22일 행정안전부의 스쿨존 내 공영주차장 폐지 방침에 따라 지난달 폐지된 부산진구 범천동 노상 공영주차장. 부산진구가 주민들을 위해 대체 부지를 찾고 있지만 철도차량정비단 이전에 대한 기대심리로 땅값이 올라 부지 마련에 어려움을 겪고 있다. 김경현 기자 view@최근 부산 원도심 발전을 가로막아 온 부산진구 범천동 철도차량정비단의 이전이 결정됐지만, 개발 낭보에도 되레 인근 범천동 일부 주민들은 극심한 ‘주차난’에 울상을 짓고 있다. 개발 기대 심리로 이 일대 땅값이 치솟으면서 부산진구가 폐지된 스쿨존 주차장 대체부지를 찾는 데 어려움을 겪고 있기 때문이다. 범천동 주민들은 “당사자 의견도 듣지 않고 덜컥 주차장을 폐지하더니 결국 우리만 피해를 보고 있다”며 부산진구의 대책을 촉구하고 나섰다.부산진구는 지난달 23일 범천동 신암로에 있는 노상 공영주차장 172면 중 70면을 폐지(부산일보 5월 29일 자 2면 보도)했다. 이곳 노상 공영주차장이 있는 도로 중 300m 구간이 선암유치원 인근 스쿨존에 포함됐기 때문이다. 행정안전부는 올해 일명 ‘민식이법’으로 불리는 도로교통법 개정안 시행을 계기로 각 지자체에 스쿨존 내 노상 공영주차장 폐지를 요청한 바 있다.범천동 신암로 노상 공영주차장스쿨존 300m 구간 일방 폐지철도 시설 이전 기대 땅값 급등대체부지 매입 사실상 어려워져2011년 개정된 '어린이·노인 및 장애인 보호구역의 지정 및 관리에 관한 규칙'에 따르면 지자체는 어린이보호구역에 노상주차장을 설치할 수 없으며, 이미 설치된 경우 이를 폐지하거나 자리를 옮겨야 한다. 하지만 현실적인 제약으로 실질적인 시행이 미뤄져왔는데, 이를 제대로 시행하라고 행안부가 일선 지자체의 등을 떠민 것이다.이에 부산진구는 지난달 신암로 노상 주차장 일부를 없애면서 대체부지 마련을 약속했다. 당시 부산진구 측은 “매년 10억 원가량 집행되는 지역 주차 환경 개선 사업을 통해 대체 주차장을 곧 신설하겠다”고 밝혔다.하지만 범천동 철도차량정비단 이전 사업이 기획재정부의 예비타당성 조사를 통과하면서 대체부지 마련에 제동이 걸렸다. 일대가 빠르게 개발될 것이라는 기대감으로 땅값이 요동치고 있기 때문이다. 범천동 철도차량정비단은 부산의 대표 번화가인 서면 바로 옆에 있지만 철도 시설인 탓에 오랫동안 방치돼 왔다.범천동의 한 부동산 중개업자는 “올 초부터 철도차량정비단 이전이 점쳐지면서 범일동 일대 땅값이 올랐다. 이전이 확정된 뒤 매물이 없는 상태”라며 “가뜩이나 범천동은 상가와 주택이 밀집해 주차 공간이 부족해서, 이제와서 구청이 주차장 부지를 찾기는 쉽지 않을 것”이라고 말했다.실제로 부산진구도 범천동 인근 부지 매입에 어려움을 호소하고 있다. 부산진구 주차관리과 측은 “대체부지 마련을 위해 사방팔방 알아보고 있지만 대부분 땅 소유자가 매도할 의사가 전혀 없다. ‘팔겠다’는 사람도 감정 평가액의 두 배 가까운 금액을 요구하는 실정”이라고 했다. 노상 공영주차장으로 쓰기 위해서는 대상 부지가 반드시 도로와 접해 있어야 하는 등 조건도 까다로워 대체 부지 마련이 쉽지 않은 상황이다.그러나 당장 주차장을 잃은 범천동 신암로 인근 상인과 주민들은 서둘러 대안을 내놓을 것을 요구하고 있다. 신발 자재상점을 운영 중인 한 상인은 “지자체에서 주민 공청회 한 번 열지 않고 현수막만 건 뒤 며칠 만에 주차장을 폐지하더니, 이제는 땅값이 올라 대체부지를 못 찾겠다고 한다”면서 “자재를 내리는 트럭조차 갓길에 대지 못하게 하니 생업에 타격이 크다. 관할 지자체에서 주차 대체 공간을 서둘러 구해 달라”고 말했다.한편, 부산시는 부산진구 범천동 신암로 노상 공영주차장 외에도 올해 안에 어린이 보호구역에 있는 노상 공영주차장 231면을 모두 폐지할 예정이다.이상배 기자 sangbae@▶ 네이버에서 부산일보 구독하기 클릭!▶ '터치 부산' 앱 출시, 부산일보 지면을 내 손 안에!▶ 부산일보 홈 바로가기"
21,2020.06.16. 오전 3:00,"구광모 LG, '의인상'으로 기업 사회적 책임·선행 선순환 '앞장'(종합)","우리 사회 숨은 의인들에 대한 사회적 관심 높이며 잔잔한 파장 구인회 LG 창업회장과 부친, 독립운동 자금 지원했던 정신 계승 국가와 사회에 도움 되는 일 꾸준히 발굴해 실질적 지원 이어와【서울=뉴시스】 서울 영등포구 여의도 LG그룹 본사에 펄럭이는 깃발 모습. 뉴시스DB 2017.03.27. [서울=뉴시스] 김종민 기자 = LG복지재단은 해상 동굴에 고립된 다이버 2명을 구조하다 파도에 휩쓸려 순직한 고(故) 정호종(34) 경장에 'LG 의인상'을 수여한다고 15일 밝혔다.  터널 속에서 의식 잃은 운전자의 차량을 온 몸으로 막아 세운 이윤진(35) 소방교에게도 LG의인상을 수여한다. LG복지재단 관계자는 ""자신의 안전을 장담할 수 없는 위험한 상황에서 국민의 생명을 구하고자 바다로 뛰어들고 맨몸으로 차를 막아 세운 제복의인들의 투철한 사명감과 희생정신을 우리 사회가 함께 기억하자는 뜻에서 수여를 결정했다""고 전했다. LG복지재단은 '국가와 사회정의를 위해 자신을 희생한 의인에게 기업이 사회적 책임으로 보답한다'는 고(故) 구본무 회장의 뜻 반영해 2015년 9월 첫 ‘LG 의인상’을 수여한 이후 2015년 3명, 2016년 25명, 2017년 30명, 2018년 32명, 2019년 27명, 올해는 7명의 의인을 선정하는 등 현재까지 총 124명의 의인들에게 LG 의인상을 수여했다. LG복지재단은 수여자의 생업 현장 혹은 관할 경찰서에서 조용하게 표창과 상금을 전달하고 있다. 또한 치료 등 급박한 상황에 도움이 될 수 있도록 지원 과정을 일주일 내로 신속하게 진행한다. 의인들의 면모는 국가와 사회를 위해 헌신하고 있는 소방관 15명, 해양경찰 11명, 경찰 10명, 군인 11명 등 ‘제복 의인’부터 얼굴도 모르는 이웃을 위해 위험을 무릅쓴 크레인/굴착기 기사, 서비스센터 엔지니어 등 우리 사회 평범한 이웃까지 다양했다. 한편, LG는 “진심이 담긴 우리만의 방식으로 사회에 더 다가가자”는 구광모 LG 대표의 뜻을 반영해 2019년부터 ‘LG 의인상’의 수상 범위를 국가와 사회 정의를 위해 자신을 희생한 의인 뿐 아니라 우리 사회에 귀감이 될 수 있는 선행과 봉사를 한 시민들까지 확대하는 등 기업의 사회적 책임 실천에 앞장서고 있다. LG 의인상 첫 수상자 고(故) 정연승 특전사 상사는 지난 2015년 9월 교통사고를 당한 여성을 구하려다 신호 위반 차량에 치여 목숨을 잃었다. 유가족에게는 1억원의 위로금을 전달했다.정 상사는 그간 열정적이고 솔선수범의 자세로 복무해 부대원들의 귀감이 되어왔으며, 평소에도 장애인 시설과 양로원을 찾아 봉사활동을 하고, 결식 아동과 소년소녀 가장을 후원하는 등 처지가 어려운 이웃을 돕는 일을 주저 없이 실천해 온 것으로 알려져 안타까움을 더했다. 2016년 11월에는 강원도 삼척 초곡항 인근 교량 공사 현장에 고립된 근로자들을 구조하는 과정에서 파도에 휩쓸려 순직한 고(故) 박권병 경장과 고(故) 김형욱 경위에게 LG 의인상과 유가족에게 1억원을 각각 전달했다. 2017년 9월에는 강원도 강릉시 소재 문화재급 목조 건물인 석란정 화재 진압 중 지붕이 무너져 내려 순직한 고(故) 이영욱 소방위와 고(故) 이호현 소방사에게도 LG 의인상과 유가족에게 5천만원을 각각 전달했다. 한편, ‘크레인 영웅, 굴착기 영웅, 외국인 영웅’ 등 우리 주변의 평범한 이웃들의 의로운 행동도 LG 의인상을 통해 더 널리 알려졌다. 2016년 11월 원만규씨는 경기도 부천시 화재현장에서 본인의 크레인으로 화마 속 베란다에 갇힌 일가족 5명을 구해냈고, 지난해 12월에는 굴착기 기사 안주용씨가 경기 화성시 방교초등학교 화재 현장에서 굴착기 버킷(바가지)로 난간에 고립된 학생 8명을 구조했다. 이들에게도 LG 의인상과 함께 상금이 수여됐다. 2017년 2월 경북 군위군 주택 화재 현장에서 치솟는 불길 속으로 뛰어들어 할머니를 구해낸 스리랑카 출신 근로자 니말씨에게도 LG의인상과 치료비를 포함한 상금을 전달했다. LG복지재단은 니말씨가 2017년 6월 초 보건보지부의 의상자로 지정을 받는 과정에서 불법체류 신분이 드러나면서 치료와 생계에 어려움을 겪고 있다는 소식을 듣고, 치료와 회복을 위해 치료비자 발급을 돕고 2천만원을 추가로 지원했다. 니말씨는 외국인으로는 첫 LG의인상 수상자이다.이어 2017년 6월 26일 서울 역삼역 인근 도로에서 여성에게 흉기를 휘두르는 남성을 제압해 피해자의 생명을 구한 김부용, 김용수씨에게도 ‘LG 의인상’과 상금을 전달했다. 또한, 2017년 11월 1일 강원도 춘천시 의암호에서 차량과 함께 물에 빠진 시민을 구해낸 고등학생 김지수, 성준용, 최태준 군에게도 ‘LG 의인상’과 상금을 전달했다. 이들은 당시 18세로 강원체육고등학교 3학년에 재학 중 LG 의인상을 수상했다.[서울=뉴시스] LG공익재단 홈페이지 캡쳐.지난 2018년 6월에는 손호진씨가 충남 보령시에서 맨몸으로 사고 차량을 막아 세워 의식을 잃은 운전자를 구했고, 2018년 8월에는 박종훈씨가 경북 봉화군 소천면사무소에서 엽총을 쏴 두명을 사망케 한 피의자를 맨몸으로 제압해 추가 인명 피해를 막아 의인상을 전달한 바 있다. 2018년 말에는 강원도 홍천소방서 김인수 소방위를 비롯한 소방대원 6명이 강원도 홍천에서 화재로 인해 안전모까지 녹아 내리는 격렬한 열기 속에서도 3살 아이를 구해낸 홍천소방서 김인수 소방위 등 소방대원 6명과 광주광역시에서 뇌출혈로 쓰러진 남성을 구한 여고생 황현희 양과 여중생 민세은 양이 의인상을 받았다. LG 의인상을 받은 우리 주변의 이웃들의 면모는 다양하다.▲95세 고령의 나이에도 33년째 무료급식소에서 봉사해 온 정희일 할머니를 비롯해 ▲강릉과 서울에서 맨손으로 흉기난동범을 제압한 전중현, 변정우, 정규철씨 ▲광주광역시의 한 아파트 화재현장에서 불길 피해 창문에 매달려 있던 이웃을 구조한 양만열씨 ▲경기도 안성시 한 종이상자 제조공장 화재 현장에서 지하층에 공장 직원들이 남아있을 것이라고 판단하고 건물로 진입하다 폭발로 인해 숨진 고(故) 석원호 소방위 ▲경북 포항시에서 너울성 파도에 휩쓸린 시민을 구한 임창균 경위 ▲서울에서 흉기를 든 범인으로부터 시민을 구한 김영근씨 ▲서울 화재 현장에서 시민을 대피시키고 초기 진화에 나선 구교돈씨 ▲대전광역시에서 저수지에 빠진 시민을 구조한 이영학 경장 ▲경북 포항시와 울산광역시에서 사고로 바다에 추락한 차량에서 각각 운전자를 구조한 황흥섭, 김부근씨 ▲서울에서 화염에 휩싸인 차량에서 운전자를 구조한 최창호씨 ▲부산 동구에서 여성을 납치한 범인 차량을 추격전 끝에 붙잡은 퀵서비스 기사 서상현씨 ▲경남 김해시에서 화재차량에서 잠든 운전자를 구한 최철화, 김종규씨 ▲경남 김해시 주택 화재 현장에서 11명의 주민을 구조한 박명제, 신봉철씨 ▲부산 동구 편의점에서 흉기로 여성 점주를 위협하던 강도를 제압한 성지훈씨 ▲응급 상황에 처한 국민의 생명과 안전을 지켜야 한다는 신념으로 17년간 한국 응급의료 발전을 위해 헌신하다 순직한 고(故) 윤한덕 국립중앙의료원 중앙응급의료센터장 ▲의식 잃은 13개월 아기를 살린 수방사 장병들 ▲부산광역시 동구 화재현장에서 방범창을 뜯고 이웃 노인을 구한 장원갑씨 등이 LG 의인상을 수상했다. ◇LG 의인상 수상자 일부, 상금을 더 어려운 이웃을 위해 기부하는 등 의로운 나눔 활동 이어가한편, LG 의인상 수상자 중 일부는 상금을 어려운 이웃을 위해 기부하는 의로운 모습으로 더 큰 감동을 주고 있다.2016년 10월 전남 여수에서 태풍 ‘차바’로 인해 발생한 여객선 표류 사고현장에서 선원 6명을 구해 LG 의인상을 수상한 여수해경 122구조대 소속 신승용 구조대장 등 해경 5명은 해양경찰 유가족 자녀 학자금 등을 지원하는 장학재단인 ‘해성장학회’와 지역 사회복지관과 유니세프 등 평소 본인들이 후원하던 단체에 5000만원을 기부했다.신 대장은 ""앞으로도 국민의 생명과 재산을 지키기 위해 하루 24시간 출동대기태세로 국민의 안전을 지켜나갈 것""이라며, “기부금이 뜻 깊은 곳에 사용되길 희망한다”고 밝혔다. 2016년 12월 서울역에서 기도가 막혀 의식을 잃고 쓰러진 시민을 응급처치로 구조한 해군작전사령부 소속 반휘민 중위도 상금을 노숙자 보호시설인 경기 성남 ‘안나의 집’에 전액 기부했다. 또한, 물 속에 빠진 여성을 발견하고 차가운 강물에 뛰어들어 여성을 구조한 이태걸 경사, 불길 속에 갇힌 90대 할머니를 구조한 박종우 경사, 주택가 화재현장에서 본인의 크레인으로 화마 속 베란다에 갇힌 일가족 5명을 구한 원만규씨도 상금을 주변의 어려운 이웃에게 전달했다. 이 밖에도 의인들의 따뜻한 나눔은 계속되고 있다. 지난 2017년 2월 전남 진도해상에서 화재가 발생한 선박에서 탈출해 바다에 빠진 선원 7명을 구조한 김국관 선장은 상금 중 1000만원을 신안군 장학재단에 기부했으며, 2017년 3월 다가구주택 화재현장에서 주민 구조 중 큰 부상을 입은 소방관 최길수씨는 신혼여행을 가는 대신 모교인 계명대에 상금 중 500만원을 장학금으로 전달했다.또, 2017년 3월 제주도 민박집 화재 현장에서 투숙객 7명의 생명을 구한 UDT대원 신상룡, 임도혁, 이정수 하사는 상금 중 1000만원을 바다사랑 해군 장학재단에 기부했다. 특히, 2017년 3월 경기 용인시 기흥구에서 불길이 치솟던 이웃 철물점으로 들어가 쓰러져있던 남성을 구조한 장순복씨는 상금을 용인 구성초등학교 오케스트라 창단을 위해 썼다.[서울=뉴시스]구광모 LG그룹 회장. 2020.03.06(사진=LG그룹 회장)associate_pic [서울=뉴시스]구광모 LG그룹 회장. 2020.03.06(사진=LG그룹 회장) 장 씨는 평소 악기를 배우는 아이들이 공연할 기회가 마땅치 않은 것을 안타깝게 생각하던 중 ‘LG 의인상’을 수상하게 되어 상금을 기부하는 것을 시작으로 어린이들을 위한 오케스트라 지원을 계속하고 있다. 2018년에는 3월 경남 창원시 주남저수지에서 경찰관들과 함께 물에 빠진 차량에서 여성 탑승자들을 구한 조영래씨가 4월 의료·보건 교육 발전을 위해 써달라며 인제대학교에 상금 전액을 기부했다. 이어 2018년 7월 한강에 빠진 시민을 구한 김용우 중령은 상금 전액을 ‘바다사랑 해군 장학재단’에 기부했으며, 2018년 8월 경북 봉화군 소천면사무소에서 맨몸으로 엽총을 쏘고 있던 범인을 제압해 추가 피해를 막은 박종훈씨는 상금 3천만원을 사망한 면사무소 직원의 유가족에게 기부하기도 했다. 또 2018년 10월 강원도 홍천군 한 빌라화재 현장에서 불길 속으로 뛰어들어 3세 어린이를 구조한 김인수 소방위 등 홍천소방서 대원 6명이 ‘LG 의인상’으로 받은 상금 6천만원을 강원소방장학회, 초록우산어린이재단, 화재현장에서 구조된 어린이 가정에 나누어 전액 기부했다. 최근에는 2019년 2월 의식을 잃고 숨을 쉬지 못하던 13개월 아기를 응급조치와 긴급이송으로 구해 LG 의인상을 수상한 수도방위사령부 소속 전승근 대위 등 수방사 장병 4명은 작전이나 교육훈련 중 불의의 사고를 당한 장병들의 명예를 높이고 가족들을 지원하는 육군의 위국헌신 전우사랑 기금에 1000만원을 기부하기도 했다.◇LG, 국가와 사회에 도움이 되는 일 꾸준히 발굴해 실질적 지원 이어와LG는 ‘LG의인상’ 외에도 살신성인의 자세와 투철한 책임감으로 우리 사회의 귀감이 된 의인들을 꾸준히 지원해왔다.2015년 8월 LG는 경기도 파주 비무장지대(DMZ)에서 북한군이 매설한 지뢰폭발로 다리를 잃는 중상을 입은 2명의 우리 군 장병에게 치료와 재활 등에 요긴하게 쓰이길 바라며 각각 5억 원씩의 위로금을 전달했다.2014년에는 7월에는 진도 팽목항 세월호 사고 현장의 지원활동을 마치고 복귀하던 중 소방헬기 추락 사고로 순직한 소방관 5명의 유가족에게 1억 원씩 총 5억 원의 위로금을 전달했다.앞서 2013년 4월에는 바다에 뛰어든 시민을 구하려다 희생된 인천 강화경찰서 소속 故 정옥성 경감 유가족에게 5억 원의 위로금과 자녀 3명의 학자금 전액을 지원키도 했다.당시 故 구본무 회장은 LG 최고경영진들과 버스를 타고 천안에 위치한 LG전자 협력회사를 방문하던 길에 영결식이 진행된 정 경감의 안타까운 소식을 듣고 함께 있던 CEO들과 논의해 고인의 높은 희생정신을 기리는 의미에서 위로금을 전달하기로 결정한 것으로 알려지기도 했다.2012년에는 어려운 가정 형편 등 역경에도 불굴의 투지와 치열한 훈련으로 런던올림픽에서 체조 도마 종목에서 금메달을 획득해 국위를 선양한 양학선 선수에게 5억원의 격려금을 전달했다. 이 밖에도, 2017년 9월 강원도 철원에서 발생한 총기 사고로 숨진 이모 상병의 유가족에게 사재로 위로금 1억원을 전달했다.  구 회장은 숨진 병사의 아버지가 빗나간 탄환을 어느 병사가 쐈는지 밝히거나 처벌하는 것을 절대 원하지 않는다는 말을 듣고 “아버지의 깊은 배려심과 의로운 마음을 우리 사회가 함께 생각하는 계기가 되길 바란다”며 전달 취지를 밝혔다.☞공감언론 뉴시스 jmkim@newsis.com▶ 네이버에서 뉴시스 구독하기▶ K-Artprice, 유명 미술작품 가격 공개▶ 뉴시스 빅데이터 MSI 주가시세표 바로가기<ⓒ 공감언론 뉴시스통신사. 무단전재-재배포 금지>		"
22,2020.06.15. 오후 2:57,"구광모 LG, '의인상'으로 '기업의 사회적 책임'·'선행의 선순환' 만들어간다","우리 사회 숨은 의인들에 대한 사회적 관심 높이며 잔잔한 파장구인회 LG 창업회장과 부친, 독립운동 자금 지원했던 정신 계승국가와 사회에 도움 되는 일 꾸준히 발굴해 실질적 지원 이어와【서울=뉴시스】서울 영등포구 여의도 LG그룹 본사에 펄럭이는 깃발 모습. 뉴시스D 2017.03.27.[서울=뉴시스] 김종민 기자 = LG복지재단은 '국가와 사회정의를 위해 자신을 희생한 의인에게 기업이 사회적 책임으로 보답한다'는 고(故) 구본무 회장의 뜻 반영해 2015년 9월 첫 ‘LG 의인상’을 수여한 이후 2015년 3명, 2016년 25명, 2017년 30명, 2018년 32명, 2019년 27명, 올해는 7명의 의인을 선정하는 등 현재까지 총 124명의 의인들에게 LG 의인상을 수여했다. LG복지재단은 수여자의 생업 현장 혹은 관할 경찰서에서 조용하게 표창과 상금을 전달하고 있다. 또한 치료 등 급박한 상황에 도움이 될 수 있도록 지원 과정을 일주일 내로 신속하게 진행한다. 의인들의 면모는 국가와 사회를 위해 헌신하고 있는 소방관 15명, 해양경찰 11명, 경찰 10명, 군인 11명 등 ‘제복 의인’부터 얼굴도 모르는 이웃을 위해 위험을 무릅쓴 크레인/굴착기 기사, 서비스센터 엔지니어 등 우리 사회 평범한 이웃까지 다양했다. 한편, LG는 “진심이 담긴 우리만의 방식으로 사회에 더 다가가자”는 구광모 LG 대표의 뜻을 반영해 2019년부터 ‘LG 의인상’의 수상 범위를 국가와 사회 정의를 위해 자신을 희생한 의인 뿐 아니라 우리 사회에 귀감이 될 수 있는 선행과 봉사를 한 시민들까지 확대하는 등 기업의 사회적 책임 실천에 앞장서고 있다. LG 의인상 첫 수상자 고(故) 정연승 특전사 상사는 지난 2015년 9월 교통사고를 당한 여성을 구하려다 신호 위반 차량에 치여 목숨을 잃었다. 유가족에게는 1억원의 위로금을 전달했다.정 상사는 그간 열정적이고 솔선수범의 자세로 복무해 부대원들의 귀감이 되어왔으며, 평소에도 장애인 시설과 양로원을 찾아 봉사활동을 하고, 결식 아동과 소년소녀 가장을 후원하는 등 처지가 어려운 이웃을 돕는 일을 주저 없이 실천해 온 것으로 알려져 안타까움을 더했다. 2016년 11월에는 강원도 삼척 초곡항 인근 교량 공사 현장에 고립된 근로자들을 구조하는 과정에서 파도에 휩쓸려 순직한 고(故) 박권병 경장과 고(故) 김형욱 경위에게 LG 의인상과 유가족에게 1억원을 각각 전달했다. 2017년 9월에는 강원도 강릉시 소재 문화재급 목조 건물인 석란정 화재 진압 중 지붕이 무너져 내려 순직한 고(故) 이영욱 소방위와 고(故) 이호현 소방사에게도 LG 의인상과 유가족에게 5천만원을 각각 전달했다. 한편, ‘크레인 영웅, 굴착기 영웅, 외국인 영웅’ 등 우리 주변의 평범한 이웃들의 의로운 행동도 LG 의인상을 통해 더 널리 알려졌다. 2016년 11월 원만규씨는 경기도 부천시 화재현장에서 본인의 크레인으로 화마 속 베란다에 갇힌 일가족 5명을 구해냈고, 지난해 12월에는 굴착기 기사 안주용씨가 경기 화성시 방교초등학교 화재 현장에서 굴착기 버킷(바가지)로 난간에 고립된 학생 8명을 구조했다. 이들에게도 LG 의인상과 함께 상금이 수여됐다. 2017년 2월 경북 군위군 주택 화재 현장에서 치솟는 불길 속으로 뛰어들어 할머니를 구해낸 스리랑카 출신 근로자 니말씨에게도 LG의인상과 치료비를 포함한 상금을 전달했다. LG복지재단은 니말씨가 2017년 6월 초 보건보지부의 의상자로 지정을 받는 과정에서 불법체류 신분이 드러나면서 치료와 생계에 어려움을 겪고 있다는 소식을 듣고, 치료와 회복을 위해 치료비자 발급을 돕고 2천만원을 추가로 지원했다. 니말씨는 외국인으로는 첫 LG의인상 수상자이다.이어 2017년 6월 26일 서울 역삼역 인근 도로에서 여성에게 흉기를 휘두르는 남성을 제압해 피해자의 생명을 구한 김부용, 김용수씨에게도 ‘LG 의인상’과 상금을 전달했다. 또한, 2017년 11월 1일 강원도 춘천시 의암호에서 차량과 함께 물에 빠진 시민을 구해낸 고등학생 김지수, 성준용, 최태준 군에게도 ‘LG 의인상’과 상금을 전달했다. 이들은 당시 18세로 강원체육고등학교 3학년에 재학 중 LG 의인상을 수상했다.지난 2018년 6월에는 손호진씨가 충남 보령시에서 맨몸으로 사고 차량을 막아 세워 의식을 잃은 운전자를 구했고, 2018년 8월에는 박종훈씨가 경북 봉화군 소천면사무소에서 엽총을 쏴 두명을 사망케 한 피의자를 맨몸으로 제압해 추가 인명 피해를 막아 의인상을 전달한 바 있다. [서울=뉴시스] LG공익재단 홈페이지 캡쳐.2018년 10월에는 고(故) 김선웅 군이 제주시에서 손수레를 끌던 할머니를 돕는 선행을 베풀다 불의의 사고로 뇌사 상태에 빠진 뒤 7명에게 장기를 기증하고 세상을 떠나며 우리사회에 큰 울림을 전해 의인상을 전달하고 유가족에게 상금을 전달하기도 했다. 2018년 말에는 강원도 홍천소방서 김인수 소방위를 비롯한 소방대원 6명이 강원도 홍천에서 화재로 인해 안전모까지 녹아 내리는 격렬한 열기 속에서도 3살 아이를 구해낸 홍천소방서 김인수 소방위 등 소방대원 6명과 광주광역시에서 뇌출혈로 쓰러진 남성을 구한 여고생 황현희 양과 여중생 민세은 양이 의인상을 받았다. LG 의인상을 받은 우리 주변의 이웃들의 면모는 다양하다.▲95세 고령의 나이에도 33년째 무료급식소에서 봉사해 온 정희일 할머니를 비롯해 ▲강릉과 서울에서 맨손으로 흉기난동범을 제압한 전중현, 변정우, 정규철씨 ▲광주광역시의 한 아파트 화재현장에서 불길 피해 창문에 매달려 있던 이웃을 구조한 양만열씨 ▲경기도 안성시 한 종이상자 제조공장 화재 현장에서 지하층에 공장 직원들이 남아있을 것이라고 판단하고 건물로 진입하다 폭발로 인해 숨진 고(故) 석원호 소방위 ▲경북 포항시에서 너울성 파도에 휩쓸린 시민을 구한 임창균 경위 ▲서울에서 흉기를 든 범인으로부터 시민을 구한 김영근씨 ▲서울 화재 현장에서 시민을 대피시키고 초기 진화에 나선 구교돈씨 ▲대전광역시에서 저수지에 빠진 시민을 구조한 이영학 경장 ▲경북 포항시와 울산광역시에서 사고로 바다에 추락한 차량에서 각각 운전자를 구조한 황흥섭, 김부근씨 ▲서울에서 화염에 휩싸인 차량에서 운전자를 구조한 최창호씨 ▲부산 동구에서 여성을 납치한 범인 차량을 추격전 끝에 붙잡은 퀵서비스 기사 서상현씨 ▲경남 김해시에서 화재차량에서 잠든 운전자를 구한 최철화, 김종규씨 ▲경남 김해시 주택 화재 현장에서 11명의 주민을 구조한 박명제, 신봉철씨 ▲부산 동구 편의점에서 흉기로 여성 점주를 위협하던 강도를 제압한 성지훈씨 ▲응급 상황에 처한 국민의 생명과 안전을 지켜야 한다는 신념으로 17년간 한국 응급의료 발전을 위해 헌신하다 순직한 고(故) 윤한덕 국립중앙의료원 중앙응급의료센터장 ▲의식 잃은 13개월 아기를 살린 수방사 장병들 ▲부산광역시 동구 화재현장에서 방범창을 뜯고 이웃 노인을 구한 장원갑씨 등이 LG 의인상을 수상했다. ◇LG 의인상 수상자 일부, 상금을 더 어려운 이웃을 위해 기부하는 등 의로운 나눔 활동 이어가한편, LG 의인상 수상자 중 일부는 상금을 어려운 이웃을 위해 기부하는 의로운 모습으로 더 큰 감동을 주고 있다.2016년 10월 전남 여수에서 태풍 ‘차바’로 인해 발생한 여객선 표류 사고현장에서 선원 6명을 구해 LG 의인상을 수상한 여수해경 122구조대 소속 신승용 구조대장 등 해경 5명은 해양경찰 유가족 자녀 학자금 등을 지원하는 장학재단인 ‘해성장학회’와 지역 사회복지관과 유니세프 등 평소 본인들이 후원하던 단체에 5000만원을 기부했다.신 대장은 ""앞으로도 국민의 생명과 재산을 지키기 위해 하루 24시간 출동대기태세로 국민의 안전을 지켜나갈 것""이라며, “기부금이 뜻 깊은 곳에 사용되길 희망한다”고 밝혔다. 2016년 12월 서울역에서 기도가 막혀 의식을 잃고 쓰러진 시민을 응급처치로 구조한 해군작전사령부 소속 반휘민 중위도 상금을 노숙자 보호시설인 경기 성남 ‘안나의 집’에 전액 기부했다. 또한, 물 속에 빠진 여성을 발견하고 차가운 강물에 뛰어들어 여성을 구조한 이태걸 경사, 불길 속에 갇힌 90대 할머니를 구조한 박종우 경사, 주택가 화재현장에서 본인의 크레인으로 화마 속 베란다에 갇힌 일가족 5명을 구한 원만규씨도 상금을 주변의 어려운 이웃에게 전달했다. 이 밖에도 의인들의 따뜻한 나눔은 계속되고 있다. 지난 2017년 2월 전남 진도해상에서 화재가 발생한 선박에서 탈출해 바다에 빠진 선원 7명을 구조한 김국관 선장은 상금 중 1000만원을 신안군 장학재단에 기부했으며, 2017년 3월 다가구주택 화재현장에서 주민 구조 중 큰 부상을 입은 소방관 최길수씨는 신혼여행을 가는 대신 모교인 계명대에 상금 중 500만원을 장학금으로 전달했다.또, 2017년 3월 제주도 민박집 화재 현장에서 투숙객 7명의 생명을 구한 UDT대원 신상룡, 임도혁, 이정수 하사는 상금 중 1000만원을 바다사랑 해군 장학재단에 기부했다. 특히, 2017년 3월 경기 용인시 기흥구에서 불길이 치솟던 이웃 철물점으로 들어가 쓰러져있던 남성을 구조한 장순복씨는 상금을 용인 구성초등학교 오케스트라 창단을 위해 썼다.[서울=뉴시스]구광모 LG그룹 회장. 2020.03.06(사진=LG그룹 회장)장 씨는 평소 악기를 배우는 아이들이 공연할 기회가 마땅치 않은 것을 안타깝게 생각하던 중 ‘LG 의인상’을 수상하게 되어 상금을 기부하는 것을 시작으로 어린이들을 위한 오케스트라 지원을 계속하고 있다. 2018년에는 3월 경남 창원시 주남저수지에서 경찰관들과 함께 물에 빠진 차량에서 여성 탑승자들을 구한 조영래씨가 4월 의료·보건 교육 발전을 위해 써달라며 인제대학교에 상금 전액을 기부했다. 이어 2018년 7월 한강에 빠진 시민을 구한 김용우 중령은 상금 전액을 ‘바다사랑 해군 장학재단’에 기부했으며, 2018년 8월 경북 봉화군 소천면사무소에서 맨몸으로 엽총을 쏘고 있던 범인을 제압해 추가 피해를 막은 박종훈씨는 상금 3천만원을 사망한 면사무소 직원의 유가족에게 기부하기도 했다. 또 2018년 10월 강원도 홍천군 한 빌라화재 현장에서 불길 속으로 뛰어들어 3세 어린이를 구조한 김인수 소방위 등 홍천소방서 대원 6명이 ‘LG 의인상’으로 받은 상금 6천만원을 강원소방장학회, 초록우산어린이재단, 화재현장에서 구조된 어린이 가정에 나누어 전액 기부했다. 최근에는 2019년 2월 의식을 잃고 숨을 쉬지 못하던 13개월 아기를 응급조치와 긴급이송으로 구해 LG 의인상을 수상한 수도방위사령부 소속 전승근 대위 등 수방사 장병 4명은 작전이나 교육훈련 중 불의의 사고를 당한 장병들의 명예를 높이고 가족들을 지원하는 육군의 위국헌신 전우사랑 기금에 1000만원을 기부하기도 했다.◇LG, 국가와 사회에 도움이 되는 일 꾸준히 발굴해 실질적 지원 이어와LG는 ‘LG의인상’ 외에도 살신성인의 자세와 투철한 책임감으로 우리 사회의 귀감이 된 의인들을 꾸준히 지원해왔다.2015년 8월 LG는 경기도 파주 비무장지대(DMZ)에서 북한군이 매설한 지뢰폭발로 다리를 잃는 중상을 입은 2명의 우리 군 장병에게 치료와 재활 등에 요긴하게 쓰이길 바라며 각각 5억 원씩의 위로금을 전달했다.2014년에는 7월에는 진도 팽목항 세월호 사고 현장의 지원활동을 마치고 복귀하던 중 소방헬기 추락 사고로 순직한 소방관 5명의 유가족에게 1억 원씩 총 5억 원의 위로금을 전달했다.앞서 2013년 4월에는 바다에 뛰어든 시민을 구하려다 희생된 인천 강화경찰서 소속 故 정옥성 경감 유가족에게 5억 원의 위로금과 자녀 3명의 학자금 전액을 지원키도 했다.당시 故 구본무 회장은 LG 최고경영진들과 버스를 타고 천안에 위치한 LG전자 협력회사를 방문하던 길에 영결식이 진행된 정 경감의 안타까운 소식을 듣고 함께 있던 CEO들과 논의해 고인의 높은 희생정신을 기리는 의미에서 위로금을 전달하기로 결정한 것으로 알려지기도 했다.2012년에는 어려운 가정 형편 등 역경에도 불굴의 투지와 치열한 훈련으로 런던올림픽에서 체조 도마 종목에서 금메달을 획득해 국위를 선양한 양학선 선수에게 5억원의 격려금을 전달했다. 이 밖에도, 2017년 9월 강원도 철원에서 발생한 총기 사고로 숨진 이모 상병의 유가족에게 사재로 위로금 1억원을 전달했다.  구 회장은 숨진 병사의 아버지가 빗나간 탄환을 어느 병사가 쐈는지 밝히거나 처벌하는 것을 절대 원하지 않는다는 말을 듣고 “아버지의 깊은 배려심과 의로운 마음을 우리 사회가 함께 생각하는 계기가 되길 바란다”며 전달 취지를 밝혔다.☞공감언론 뉴시스 jmkim@newsis.com▶ 네이버에서 뉴시스 구독하기▶ K-Artprice, 유명 미술작품 가격 공개▶ 뉴시스 빅데이터 MSI 주가시세표 바로가기<ⓒ 공감언론 뉴시스통신사. 무단전재-재배포 금지>		"
24,2020.06.29. 오후 4:21,"무임승차 손실·코로나19로 경영 악화…6개 도시철도 ""국비 보전 절실""","[대구CBS 류연정 기자]29일 전국 6개 지역 도시철도 운영기관 노사가 경영난 심화 대안을 모색하기 위해 한 자리에 모였다. (사진=대구도시철도공사 제공)대구를 비롯한 전국 6개 도시철도 운영기관 노사가 한 자리에 모여 정부의 재정 지원을 촉구했다. 대구도시철도공사에 따르면 대구도시철도공사, 서울교통공사, 부산교통공사, 인천교통공사, 대전도시철도공사, 광주도시철도공사 노사 대표자가 29일 한자리에 모여 경영난 심화 대안을 모색했다. 이들은 무임승차(노인, 장애인 등 합법적으로 비용을 내지않고 대중교통에 승차하는 경우) 등으로 공사 경영이 악화되고 있고 코로나19로 인해 대중교통 이용객이 급감하고 있는 상황에 공감하며 국비 지원이 절실하다고 주장했다. 실제로 대구도시철도공사의 경우 지난해 무임승차로 인한 손실비용은 614억원에 달했고 특히 노인 인구가 늘면서 부담해야 할 비용은 계속 증가하는 추세로 확인됐다. 또 대구는 코로나19로 인해 올해 공사 수입이 지난해보다 약 445억원 줄어들 것으로 예측되고 있다. 다른 지역 역시 경영 악화로 인해 어려움을 겪고 있고 서울, 부산 등 대도시는 대구보다 상황이 더 열악하다. 하지만 현재 철도산업발전기본법에 따라 도시철도 운영기관은 모두 비용보전을 받지 못하고 있다. 이에 운영기관 노사 대표자들은 이날 노사 공동합의문을 채택하고 정부 지원을 강력히 촉구했다.이들은 ""노인, 장애인, 유공자들의 이동권을 보장하고 무임승차 제도의 지속 유지를 위해서는 도시철도 운영기관이 부담하고 있는 공익비용에 대한 국비 지원이 절실하다""고 강조했다.홍승활 대구도시철도공사 사장은 ""향후 전국 6개 도시철도기관 노사 공동건의문을 국회 및 정부 주요 부처에 전달하는 것을 시작으로 법제화를 추진할 계획""이라고 밝혔다.▶ 확 달라진 노컷뉴스▶ 클릭 한 번이면 노컷뉴스 구독!▶ 보다 나은 세상, 노컷브이와 함께mostv@cbs.co.kr저작권자 © CBS 노컷뉴스 무단전재 및 재배포 금지		"
28,2020.06.29. 오후 4:28,"변성완 권한대행 ""3차 추경, 포스트 코로나 대응""","부산시 29일 추경안 편성해 부산시의회 제출, 6543억 원 규모[오마이뉴스 김보성 기자]        ▲  변성완 부산시장 권한대행이 29일 부산시청 9층 브리핑룸에서 3차 추경안을 부산시의회에 제출했다고 밝히고 있다.            ⓒ 김보성   변성완 부산시장 권한대행이 ""코로나19 사태 장기화로 경제 위기가 가중되고 있다""며 ""위기 사태 극복을 위해 3차 추가경정 예산안을 부산시의회에 제출했다""고 29일 밝혔다. 부산시 상반기 세 차례 추경안 제출 ""전례없어"" 감염병 확산이 멈추지 않고 있는 가운데, 부산시가 3차 추경안을 편성했다. 서울 등 수도권과 대전 등 충청권에서 코로나19 확진자가 계속되고 있고, 28일에는 부산에서도 한 달여 만에 지역감염자가 나온 상황이다. 감염으로 인한 거리두기와 경제적 고통은 모든 분야로 확산하고 있다. 이러한 사태에 부산시는 '전례없는' 추경 편성으로 대응하기로 했다. 코로나19로 타격받은 지역경제 회복을 위해 지난 3월과 5월에 이어, 이번까지 상반기에만 세 차례의 추경안을 제출하면서다. 변성완 권한대행은 ""지금처럼 대응한다면 흔들림 없이 방역 전선을 사수하겠지만, 문제는 경제""라며 ""중소기업, 자영업의 생존 위기와 실업자 수 증가, 취약계층 고통 가중 등 위기 속에 할 수 있는 모든 노력을 계속해나가야 한다""고 말했다. 그는 ""이번 추경은 지역경제 회복과 포스트 코로나 시대에 대한 선제 대응, 정부의 3차 추경에 초점을 맞췄다""고 덧붙여 설명했다. 이어 ""한번도 겪지 못한 길에서 끝이 어딜지 불안하고, 그 답답함은 모두가 같을 것""이라며 ""조금만 더 힘을 내고 함께 이겨내자""고 강조했다. 이날 시가 공개한 자료를 보면 3차 추경안은 총 6543억 원이다. 재원은 2019년 결산에 따른 잉여금 보전수입, 도시공사 결산배당금, 지방채 발행, 국고보조금 등으로 조달한다. 이에 따른 올해 부산시 예산의 규모는 기정예산액 대비 4.7% 증가한 14조4757억 원에 달한다. 구체적으로는 ▲고용안정·서민생활안정 2005억 원 ▲소비회복·지역경제 활성화, 포스트 코로나 대비 1764억 원 ▲K-방역 육성추진, 재난대응 고도화 187억 원 ▲필수의무경비 시정 현안 1868억 원 등으로 편성했다. 코로나19 피해로 인한 고용충격에 대응하기 위해 일자리 사업 등에 1134억 원을 투입하고, 저소득과 여성, 장애인, 청소년, 아동 지원 등 사회안전망 강화에 640억 원을 지원한다. 또한, 지역소비회복, 경기하강 지원사업 등에 1764억 원을 배정했다. 코로나19 사투의 최전선 지역인 부산의료원의 공익진료 결손분 50억 원, 대중교통 이용 감소분을 메우기 위해 부산교통공사 긴급지원금 500억 원, 시내버스준공영제 손실보전금 600억 원 등도 이번 추경에 포함됐다.  저작권자(c) 오마이뉴스(시민기자), 무단 전재 및 재배포 금지▶코로나19 속보 보기 [오라이브]▶네이버에서 오마이뉴스 채널 구독하기▶<삶을 위한 수업> 덴마크 교사들의 수업 철학"
29,2020.06.24. 오후 7:01,오늘의 인사 종합,			[이데일리 편집국] ○국무조정실·국무총리비서실 <전보> ◇과장급 △사회정책총괄과장 김희순 △정책기획위원회 파견 이용석 ○환경부 <전보> ◇국장급 △정책기획관 이병화 △대기환경정책관 최종원 △국립환경인재개발원장 금한승 △한강유역환경청장 정경윤 △대구지방환경청장 주대영○농촌진흥청 <승진> ◇과장급 △국립농업과학원 환경개선미생물연구단장 김정준○인천시 <승진> ◇3급 △교통국장 이정두 △주택녹지국장 권혁철 △데이터혁신담당관 박재연 △여성정책과장 조진숙 △마이스산업과장 김충진 △보건의료정책과장 김혜경 △수질환경과장 유훈수 △도시균형계획과장 공상기 △종합건설본부 토목부장 이종선 ◇4급 △대변인실 윤병철 △정책기획관실 신종은 △안전정책과 김중진 △해양항만과 김세헌 △아동청소년과 김관철 △가족다문화과 이현숙 △문화예술과 이태산 △환경정책과 이동우 △택시화물과 이재휴 △자치행정과 고창식 △의회사무처 문현보 △경제자유구역청 성하영 △상수도사업본부 전상배 △종합건설본부 마수일 △아동청소년과 정문원 △상수도사업본부 송영수 △상수도사업본부 김원호 △대기보전과 박성연 △위생안전과 김문수 △자원순환과 정낙식 △하수과 라덕균 △항공과 김종식 △재생정책과 함동근 △고속도로재생과 천준홍 △건설심사과 조건영 △도시개발계획과 윤응규 △경제자유구역청 권승안 △경제자유구역청 유병학 △재생정책과 심재정 △경제자유구역청 이종신 △토지정보과 정종후 △정보화담당관실 김동수 <직무대리> ◇3급 △건축계획과장 최도수 ◇4급 △도시균형계획과 이상영 △도시철도건설본부 이범희○광주 광산구 <승진 의결> ◇4급 △보건행정과장 정혜종 △공원녹지과장 심재경 ◇5급 △안전관리과 유홍규 △세무2과 이계일 △주민자치과 이정은 △기획관리실 최정광 △주택과 김정모 △건설과 성영진 △생명농업과 장금수 ○충북 청주시 <승진 내정> ◇4급 △공보관 이상원 △행정지원과 서동화 △안전정책과 김연인 △문예운영과 박은향 △노인장애인과 이재숙 △친환경농산과 이재복 △도시계획과 우두진 ◇5급 △농업정책과 이미라 △농식품유통과 조정희 ○경북 김천시 <승진> ◇4급 △기술서기관 김대균 ◇5급 △김경하 김명환 김훈동 이병헌 조용화 하광헌 이상명 양준영 이상근 김인규○경남 통영시 <승진> ◇4급 △주민생활복지과 성명만 △노인장애인복지과 심명란 △도시재생과 이순호 △한산면 권주태 ◇5급 △기획예산담당관 김익진 △행정과 고정혜 △도시재생과 송호천 △안전총괄과 김영근 △수산과 한수남 △주민생활복지과 서성록 △노인장애인복지과 김경중 △보건위생과 차현수 △안전총괄과 이상용 △도시과 김상배 △농업기술과 한정률○전남 장성군 <승진> ◇4급 △장성읍장 이기현 ◇5급 △민원봉사과장 고재인 △의회사무과 전문위원 김정구 △동화면장 이동주 △환경위생과장 문광섭 △미래성장개발과장 이태영 △농식품유통과장 김영중 <승진 의결> ◇5급 △삼서면장 직무대리 김충현 <직위 승진> ◇5급 △농업기술센터소장 오혜림 <전보> ◇5급 △소통정보실장 조지연 △문화관광과장 고학주 △경제교통과장 박석철 △평생교육센터소장 양완길 △북일면장 오영식 △북하면장 안보현 △서삼면장 김현영 △안전건설과장 김선주 △산림편백과장 이선형 △도시재생과장 이인섭 △맑은물관리사업소장 박종순 △진원면장 장관기 △원예소득과장 박언정○부산시선거관리위원회 <전보> ◇4급 △영도구선거관리위원회 사무국장 정광식 △동래구선거관리위원회 사무국장 김광묵 △남구선거관리위원회 사무국장 윤성일 △북구선거관리위원회 사무국장 이복삼 △기장군선거관리위원회 사무국장 권해남○KBS 비즈니스 △스포츠사업부장 함인균 △스포츠예술과학원장 이성태 △기획사업팀장 이정민 △창원지사장 정용운 △대전지사장 박종선 △광주지사장 최수일 △청주지사장 이문석 △춘천지사장 신익창 △스포츠사업부 차장 유정규 △스포츠사업부 차장 김대길 △경영기획부 차장 백대현 ○코리아타임스 △편집국장 김재경 △논설위원 심재윤박순엽 (soon@edaily.co.kr)네이버에서 ‘이데일리’ 구독하기▶청춘뉘우스~ 스냅타임▶＜ⓒ종합 경제정보 미디어 이데일리 - 무단전재 & 재배포 금지＞
31,2020.06.29. 오후 4:52,"전국 6개 도시철도 노사대표, '무임승차' 국비보전 공동 건의","[부산=뉴시스] 전국 6개 도시철도기관 노사대표, 공익비용 국비보전 공동건의 (사진= 부산교통공사 제공)[부산=뉴시스] 제갈수만 기자 = 전국 6개 도시철도 운영기관이 법정 무임승차 등 공익비용의 국비보전을 촉구하는 공동 건의문을 채택했다고 29일 밝혔다.서울, 부산, 대구, 인천, 광주, 대전의 6개 도시철도운영기관 노사 대표자들은 29일 심화되는 경영난 타개를 위한 대안모색의 자리를 가졌다. 1984년부터 36년간 법률에 따라 시행해 온 ‘도시철도 법정 무임승차’는 노인·장애인·유공자들의 이동권을 보장하는 국가적 교통복지 제도지만 운영기관에 대한 정부지원은 전무한 실정이다.초고령화 사회 진입을 앞두고 노인 무임승차 증가 등으로 6개 도시철도 운영기관은 최근 4년 평균 약 5814억원의 무임승차비용이 발생하였으며 이로 인해 재정적 어려움이 가중되고 있는 상황이다.또 정부가 국영철도(코레일)에는 '철도산업발전기본법'에 따라 무임손실 비용을 지원하고 있어, 동일한 서비스를 제공하는 지방 도시철도 운영기관은 차별을 받고 있다고 주장했다.특히 올해는 코로나19 대유행에 따른 도시철도 이용객 급감에 따라 약 5400억원의 손실이 발생할 것으로 예상되어 도시철도운영기관의 경영여건이 더욱 악화되고 있다.막대한 손실이 예상됨에도 도시철도운영기관들이 전동차 운행 시간 및 간격을 평소대로 유지한 것은 전동차 이용 혼잡도를 완화해 바이러스 감염에 대한 우려를 불식시키고 정상적인 경제활동이 가능하도록 하기 위한 것이었다고 설명했다.또 부산, 서울 두 도시철도 기관의 경우 개통 후 30여년이 지나 노후전동차 및 시설에 대한 막대한 투자비용이 요구되는 상황이나, 운영기관의 만성적자로 인해 재원을 자체적으로 마련하는 데는 어려움이 있다.이에 전국 6개 도시철도 기관은 최우선 과제로 제21대 국회 개원 후 의원입법 발의 된 '도시철도법' 개정안을 통해 법정 무임승차에 대한 정부 지원금을 법제화하여 재난대응 손실 보전, 노후전동차 및 시설 재투자비용을 확보하여 시민에게 안전하고 편리한 교통서비스를 제공하는데 최선을 다할 것이라고 한 목소리를 냈다.이종국 부산교통공사 사장은 “전국 6개 도시철도기관 노사 공동건의문을 국회 및 정부 주요 부처에 전달하는 것을 시작으로 노·사·정 공청회를 거쳐 법제화를 추진할 계획”이라며 “입법·제도개선 관련 기관 및 의원, 국민들의 협조와 양해를 부탁드린다”고 말했다.☞공감언론 뉴시스 jgsm@newsis.com▶ 네이버에서 뉴시스 구독하기▶ K-Artprice, 유명 미술작품 가격 공개▶ 뉴시스 빅데이터 MSI 주가시세표 바로가기<ⓒ 공감언론 뉴시스통신사. 무단전재-재배포 금지>		"
34,2020.06.14. 오후 6:36,코로나 안전수송 ‘숨은 공신’ 두리발,"부산 해외 입국자 1만명 돌파市 수송지원반에 두리발 도입운휴차량·시설공단 인력 활용입국자 수송 예산절감 '효과' 부산역 비상수송지원반의 두리발 전담 택시 모습 부산시 제공 코로나19로 인해 부산으로 들어온 해외입국자를 운송해온 두리발이 효과를 톡톡히 내고 있다.   부산시에 따르면 지난 12일 부산역을 경유한 해외입국자가 1만명을 넘어섰다고 14일 밝혔다. 해외유입 코로나19의 지역사회 감염 확산을 막기 위해 구성한 비상수송지원반이 가동된 지 76일 만이다.   지난 3월 시는 부산역 유라시아 플랫폼에 해외입국자 수송·이동경로 관리를 전담하는 컨트롤타워 격의 비상수송지원반을 설치했다.   수송지원반은 국토부와 철도경찰, 선별진료소 및 자가 격리시설과 협업체계를 구축하고 기능별 역할을 분담하는 등 해외입국자 자가격리 전반 업무를 총괄해왔다.   비상수송지원반에는 부산시 소속 지원이 직원 888명, 시설공단 직원 230명, 두리발 운전기사 1280명, 경찰 584명, 철도경찰 152명 등 총 3134명이 동원됐다.   지난 12일까지 해외에서 입국한 사람이 1만70명으로, 특히 수송지원반은 코로나19로 이용객이 급감한 '두리발'을 도입하면서 해외입국자 수송에 큰 효과를 본 것으로 나타났다.   전체 이용객 중 두리발 이용 수송인원은 6466명, 자가용 수송인원은 3,070명, 구급차나 도보 이동 등 기타 수송인원은 534명이다.   이 과정에서 부산역을 경유한 해외입국자 중 13명이 확진판정을 받았으나 철저한 방역과 입국자 간의 거리두기, 직원들의 개인위생 관리로 2차 감염자가 단 1명도 없었다.   중앙재해대책본부에서도 해당 사례를 높이 평가해 전국 지방자치단체를 대상으로 2회에 걸쳐 모범사례로 소개하기도 했다.   지원반 한 관계자는 ""장애인들의 교통수단인 두리발 차량을 이용하는 것을 두고 시와 부산시설공단 간 다소 마찰도 있었으나 세계적 재난인 코로나19를 대승적으로 극복하고자 함께 뜻을 모았다는 것은 박수를 받아 마땅하다""고 말했다.   해외입국자의 두리발 이용은 예산절감에도 효과를 봤다. 입국자 수송을 위한 비용은 6개월간 약 5억원이 소요될 것으로 추정되지만, 이번 부산시설공단의 인력과 두리발 운휴차량을 활용하면서 예산을 아끼게 됐다.   우려했던 교통약자의 이동권은 두리발 신규 차량 21대를 조기에 제작하면서 해결했다.   변 권한대행은 ""국외에서 부산으로 들어오는 시민들이 1만명을 넘어가고 있지만 앞으로 방심하지 않고 시민들을 자택까지 끝까지 안전하게 귀가시켜드리겠다""고 당부했다.    demiana@fnnews.com 정용부 기자 ▶ 헉! 소리나는 스!토리 뉴스 [헉스]▶ '아는 척'하고 싶은 당신을 위한 [두유노우]  ※ 저작권자 ⓒ 파이낸셜뉴스. 무단 전재-재배포 금지		"
51,2020.06.22. 오전 11:17,2020년 동래여성인력개발센터 새일직업훈련 ‘UI/UX 디지털 디자인’ 과정모집,"교육기간; 7월1일~9월22일, 디자인 경력있는 경력단절 여성 대상훈련비 전액과 교통비 지원. 일자리 지원 등 사후 관리 서비스도동래여성인력개발센터는 2020년 여성가족부에서 지원하는 전문적인 기술과 지식이 필요한 여성인력양성사업인 '고부가가치 직종 전문인력 양성 직업교육훈련' 공모사업에 선정되었다.이에 따라 동래여성인력개발센터는 오는 7월부터 ‘UI·UX 디지털 디자인’ 국비직업교육훈련을 진행키로 방침을 세우고 수강생 모집에 나섰다.청년층 여성 및 디자인 경력은 있으나 경력단절 등으로 인해 재취업 또는 입직을 희망하는 취업의지가 강한 미취업여성이면 누구나 교육신청이 가능하며, 동래여성인력개발센터 내 여성새로일하기센터로 신분증과 증명사진 1장을 지참 해 직접방문 참가신청접수가 가능하다.교육 과정은 △UI/UX 설계 △반응형 웹페이지 제작 △HTML5＆CSS3 디자인 실무 △ 포트폴리오 제작 △기업체 현장실습을 비롯해서 전문교육과 직종 면접 때 활용되는 포트폴리오 발표스킬 등으로 구성되어 있다.교육기간은 7월1일부터 9월22일까지(매주 월~금, 오전9:30~13:30)/ 총160시간 60일간이다. 훈련생으로 선발되면 △훈련비 전액과 △교통비를 지원하고 △저소득, 여성가장, 장애인 등 취약계층 해당자에겐 교육 기간 중 월 30만원씩 3개월간 최대 90만원의 참여수당도 지급한다.교육 과정을 이수하고 수료증을 받은 사람에겐 일자리지원 및 사후관리지원까지 제공한다. 뿐만아니라 훈련생이 자비로 부담하는 10만원은 교육 수료 때 50%△ 나머지 50%는 교육을 마친 후 6개월 내 UI/UX 디자이너, 홈페이지관리자 등으로 취업시 100% 환급이 가능하다.동래여성인력개발센터가 이번에 진행하는 ‘UI·UX 디지털 디자인’ 국비직업교육훈련‘은 4차 산업혁명시대를 준비하는 부산시 5대 전략산업 중 하나로 디지털 디자인인력 수급의 양적·질적 미스매치 해소를 위해 마련됐다.정순형 선임기자 junsh@busan.com▶ 네이버에서 부산일보 구독하기 클릭!▶ '터치 부산' 앱 출시, 부산일보 지면을 내 손 안에!▶ 부산일보 홈 바로가기"
52,2020.06.08. 오후 3:32,"[양산24시] ""덕계동 인구 증가율 가장 높다""","양산특성화고 체육관 주민에게 개방한다. 동원과기대 '후진학 선도전문대학'으로 선정양산시의회, 폐지수집 어르신 지원 조례 만든다.양산시 인구가 마이너스로 돌아서고 있지만 덕계동 인구는 첫 1만5000명을 돌파하면서 역대 가장 많은 인구가 유입되고 있다. 양산시는 지난해 11월에 35만165명으로 인구 35만을 돌파하며 계속 증가세를 이어왔지만 두 달 연속 감소세가 이어지지면서 5월말 기준 35만 1373명으로 집계됐다고 밝혔다.양산 시가지 전경ⓒ양산시읍면동 별로 살펴보면 신규 아파트 입주가 이어지고 있는 덕계동과 중앙동 인구가 각각 115명과 78명, 물금읍이 45명 늘면서 꾸준한 증가세를 보이고 있다. 특히 덕계동은 7개월 연속 세 자릿수 증가를 보이며 1만5060명을 기록해 2007년 웅상읍에서 분동된 이후 처음으로 1만5000명을 돌파했다. 덕계동은 지난해 11월부터 6개월 동안 3570명이 증가, 역대 가장 많은 인구수가 이어지고 있다.양산시 관계자는 ""대규모 신규 아파트 입주자가 계속 늘고 있어 앞으로 덕계동 인구 증가세는 이어질 것""이라고 전했다.물금읍도 11만8972명을 기록해 12만까지 1028명 앞으로 다가왔다. 서창동도 6개월 만에 25명이 증가하면서 그동안의 감소세에서 벗어났고, 동면도 모처럼 14명이 증가했다.반면 8개 읍면동은 모두 인구가 감소했다. 양주동이 4월 85명에 이어, 5월에도 83명이 줄어 가장 많이 감소했고, ▲하북면 -52명 ▲소주동 -44명 ▲상북면 -33명 ▲평산동 -31명 ▲강서동 -23명 ▲삼성동 -20명 ▲원동면 -1명 순으로 인구가 줄었다.◇양산특성화고 체육관 주민에게 개방한다.양산에 설립을 추진 중인 특성화고의 체육시설이 지역주민들에게 개방된다. 양산시의회 기획행정위원회는 이 같은 내용을 담은 '(가칭)양산특성화고설립지원 업무협약 동의안'을 수정가결했다고 밝혔다. 이번 업무협약은 양산특성화고 설립을 위해 양산시와 경상남도교육청이 행·재정적 업무협약을 추진하는 것이다.협약내용은 당초 경남도교육청에서 특성화고 설립 소요사업비 590억 원 중 체육관시설비 17억 원, 실습실 구축비 20억 원, 개교 후 10년간 교과과정운영비 20억 원 등 총사업비의 10%인 57억 원을 지원하는 내용을, 다른 특성화고 협약과 형평성에 맞도록 설립실습실 구축비 30억 원, 개교 후 10년간 교과과정운영비 10억 원으로 수정하는 내용이다.여기에 체육관은 교육과정에 지장이 없는 범위에서 지역시민들이 사용할 수 있도록 개방하는 내용이 추가됐다.동면 금산리 1452-12번지에 설립을 추진 중인 (가칭)양산특성화고는 부지면적 1만7104㎡에 남녀공학 18학급, 360명 규모로 2024년 개교를 목표로 소요사업비는 590억 원을 들여 추진 중이다.개설학과는 융합기계과, 스마트자동학과, 바이오식품과 등 3개 학과를 계획 중이지만, 현재 경남도교육청에서 설립규모 및 개설학과를 재조사 중이어서 다소 유동적이다.2013년 양산시의회에서 특성화고 설립 건의안을 제출해 타당성용역, 부지검토 및 확정을 거쳤으나 2020년 2월 경남교육청에서 자체투자심사에서 재검토 된 상태다.◇동원과기대 '후진학 선도전문대학'으로 선정동원과학기술대학교는 교육부와 한국연구재단이 추진하는 '후진학선도전문대학(전문대학 혁신지원사업 Ⅲ유형)사업'에 선정됐다고 밝혔다. 동원과학기술대학교는 경남정보대, 마산대와 컨소시엄을 구성해 '동남권 커뮤니티 기반 성인학습자 맞춤형 라이프 리디자인'을 사업목표로 향후 2년간 지역 평생직업교육 거점대학으로써 성인학습자를 대상으로 맞춤형 직업교육 프로그램을 수행한다.동원과기대는 소재·부품 정비산업기술인 양성을 주축으로 자격취득기반 전문기술인 양성 등 잡-칼리지를 중점 운영하며, 이밖에 소자본 창업의 스타트업-칼리지와 저소득 소외계층의 맞춤식 일자리 창출을 위한 셀프디자인 교육프로그램을 운영할 계획이다.손영우 총장은 ""성인학습자 대상 전체 국비 무료과정으로 운영해 지역민 누구나 직업교육을 받을 수 있도록 함으로써 지역사회 후학습 친화적 교육기반을 더욱 견고히 구축해 나감과 동시에 지역사회 발전을 위한 중심대학으로서의 책무를 다할 것""이라고 밝혔다.◇양산시의회, 폐지수집 어르신 지원 조례 만든다.폐지 줍는 어르신들을 지원하는 조례가 제정된다. 양산시의회는 이용식(미래통합, 중앙·삼성) 의원이 대표 발의한 '양산시 재활용품 수집인 지원에 관한 조례안'이 원안 의결했다고 밝혔다.제168회 양산시의회 정례회 본회의 모습ⓒ양산시의회이에 따라 야광 조끼와 야광 반사판 등 개인 보호장비를 지원한다. 또 여름철과 겨울철에 더위와 추위를 막을 수 있는 옷과 신발 등을 주고, 기타 재활용품 수집과 운반에 필요한 장비를 지원할 수 있다. 교통사고 예방 교육과 안전교육도 정기적으로 실시하기로 했다.이용식 의원은 ""어려운 환경에 계신 고령층이 대부분이다. 이들이 안전하게, 편안한 환경에서 일할 수 있도록 행정이 지원해줘야 한다""며 ""실제 일하는 분들의 의견을 들어서 가장 필요로 하는 것이 무엇인지 파악해야 한다""고 말했다.이 조례 추진에 대해 한 폐지 수집 업체는 ""어르신들이 리어카에 키보다 더 높은 폐지를 수집해 도로변을 아슬아슬하게 다니는 경우가 많다""며 ""리어카를 안전하게 사용하는 장비 등이 지원됐으면 좋겠다""고 말했다.양산시 관내 재활용품 수집인은 모두 76명으로, 이 가운데 65세 이상 어르신은 67명에 이른다. 이 중 7명은 장애인이며, 기초생활 보장수급자는 5명이다. 65세 미만은 모두 9명으로, 장애인과 기초생활 보장수급자 2명씩을 포함하고 있다.부산경남취재본부 박치현 기자 sisa518@sisajournal.com<저작권자 ⓒ 시사저널, 무단 전재 및 재배포 금지>☞ 네이버에서 시사저널 뉴스를 받아 보세요 ▶ 시사저널 최신호 보기 ▶ 시사저널 유튜브 채널 '시사저널TV' 보기"
53,2020.06.12. 오후 4:05,"집 없는 이들을 위한 집 [안녕, 둔촌 프로젝트 이인규가 만난 다른 집 (8)]","집에 머물라는데…집이 없는 사람들은요?[경향신문] 홈리스에 대한 코로나19 재난지원금 지급 실태에 관한 설문조사에 따르면, 노숙인 102명 중 11.8%인 12명만이 재난지원금을 수령했다. ‘외출 자제령’ 속에 집이 없는 이들에 대한 선제적 지원이 절실하다. 홈리스행동 안형진 제공코로나19로 집을 의지하며 여러 날을 보냈다. 연일 확진자 수가 증가하며 언론이 시끄러웠지만, 신속하고 투명한 한국 정부의 대응 방식은 코로나19 사태가 결국 팬데믹에 이르렀을 때 이렇게 해야 한다는 모범 사례로 전 세계에 회자되었다. ‘K방역’이라는 자부심 가득한 신조어까지 만들어졌다. 게다가 정부가 전 국민을 대상으로 지급한 ‘긴급재난지원금’은 신청을 받은 지 한 달도 되기 전에 이미 지급률 99.5%에 달했고, 덕분에 얼어붙었던 지역경제가 모처럼 활기를 띠고 있다는 반가운 소식도 들린다. 그런데 정부에서 공짜로 주는 돈도 안 받아 가는 0.5%는 어떤 이들일까? 힘든 이들을 위해 지원금을 ‘안’ 받아 간 노블레스 오블리주이길 내심 기대했지만, 안타깝게도 당장 지원이 가장 필요한데도 정보 부족, 거동 불편 등의 이유로 ‘못’ 받아 간 경우가 많은 것 같다. 행정안전부는 아직 지원금을 받지 못한 노인과 장애인의 자택을 방문하여 신청을 받는 등 긴급재난지원금 지급의 빈틈을 줄이기 위해 노력하겠다고 밝혔다. 하지만 여전히 정부 지원의 사각지대에 놓인 이들이 있다. 바로 거리의 노숙인들이다. ■ 홈리스에 대한 배려 아쉬운 재난지원금정부의 긴급재난지원금은 ‘모든 국민’을 대상으로 지급되었다. 당연히 노숙인들 역시 수급 대상자이다. 이들은 ‘외출을 자제하고 최대한 집에 머물라’는 정부 지침을 이행할 ‘집’이 없는 만큼 더욱 선제적 지원이 필요하다. 하지만 ‘홈리스행동’ 등 반(反)빈곤 단체에서 공동으로 진행한 ‘홈리스에 대한 코로나19 재난지원금 지급 실태에 관한 설문조사’에 따르면, 설문조사에 참여한 102명 중 고작 11.8%인 12명만이 재난지원금을 수령했다. 국민 99.5% 받은 긴급재난지원금 거리에서 코로나19  겪는 이들에겐‘돈이 없어서’ 포기하게 되는 돈 전염병으로 혐오·배제 더 노골화 대합실·지하도·센터서 쫓겨나고 급식·의료 등 ‘생존형 지원’ 끊겨 노숙인 재활 말하기 전에 보호부터 사회가 ‘집 없는 이들의 집’이 돼야이들의 수급률은 왜 이렇게 저조할까? 노숙인들은 정부의 지원체계 안에 속하지 않은 상태이며, 정부의 지급 방식이 이들의 사정에 맞지 않기 때문이다. 보통 사람들에겐 온라인에 접속해서 정보 몇 개만 입력하면 끝나는 쉬운 일이지만, 처한 사정이 다른 노숙인들에게는 겹겹의 난관으로 계속 막히고 미끄러져 결국 신청을 포기하게 만드는 험난한 과정이었다. 노숙 생활 특성상 제대로 된 정보 습득이 어려워 이러한 지원이 있는지조차 모르는 이들이 많으며, 알았다고 하더라도 신청 과정에서도 난관이 많다. 컴퓨터, 스마트폰이 없어 온라인 신청은 접근조차 어렵다. 주민등록이 말소되었거나 거주 불명 등록자인 경우를 위한 지원 방안은 아직도 협의 중이다. 주민등록이 되어있어도 노숙 과정에서 주민등록증을 분실하는 사례가 많아 신원 인증 방식을 지문으로 대체해 달라고 요구하고 있으나 아직 받아들여지지 않았다. 주민등록지와 현재의 생활지역이 달라서 재난지원금을 신청하려면 먼 곳까지 이동해야 하는데, 그들에겐 그럴 교통비가 없다. 돈이 없어서 지원이 가장 필요한 이들이, 돈이 없어서 지원 신청을 포기해야 한다. 이런 문제를 해결하기 위해 이미 운영하는 홈리스 지원 체계를 활용하여 ‘찾아가는 신청’을 받고 현금으로 지원금을 지급하길 요구하고 있다. 이러한 요구가 터무니없는 것은 아니다. 이미 행안부는 노인과 장애인 등을 대상으로 자택에 방문하여 직접 신청을 받고 있으며, 기초생활보장 생계급여 등을 받는 사회 취약층 286만가구(전체의 13.2%)에는 현금으로 지급한 바 있다. 이처럼 다른 계층에게는 지원금을 지급하기 위해 섬세한 노력을 기하는 정부가 왜 유독 홈리스의 요구에 대해서는 미온적인 반응을 보이는 것일까? 이 문제에 대해 들어보기 위해 만난 노숙인 이형찬씨(가명)와 홈리스행동의 안형진 활동가는 이번 긴급재난지원금 지급 과정에서의 어려움은 홈리스가 이 사회에서 배제되는 방식을 단적으로 보여주는 하나의 사례에 불과하다고 이야기한다. 어쩌면 이 문제는 빙산의 일각일 뿐, 원래부터 갖고 있던 여러 문제가 코로나19 사태로 여실히 드러나고 있다는 것이다. 재난 상황에서 홈리스에게 가중되는 어려움을 들어보니 참으로 ‘총체적 난국’이었다. ■ 코로나 시대, 집이 없는 이들의 삶  보호해줄 ‘집이 없어서’ 당장에 도움이 필요한 노숙인들이 지원의 사각지대에 놓이게 된 이유는 참으로 아이러니하게 그들에게 ‘집이 없기 때문’이다. 기초생활보장 수급자 등 현재의 공적 지원 체계는 ‘주소지’를 기반으로 지자체와 대상자를 연결해야 하는데, 노숙인들은 정해진 집이 없어서 복지제도의 틀 안에도 들어오지 못하는 것이다. 그나마 ‘임시주거비지원’ 제도가 마련되어 수급자 신청을 위한 주소지를 얻을 수 있도록 쪽방이나 고시원 주거비를 일시적으로 지원해주지만 어디까지나 ‘임시’ 방편이다. 그렇게 수급자가 되어 복지제도 안에 들어가더라도 경제 최하위층을 위한 사회적 지원이 결코 단단한 것이 아니어서 언제라도 다시 노숙의 상태로 빠져나와 버릴 수 있다. 더욱이 코로나19가 확산하자 노숙인들에 대한 배제와 혐오는 더욱 노골적으로 드러나고 있다. 한 사람으로 ‘생존’하기 위해 필요한 ‘먹고, 자고, 씻는’ 최소한의 행위를 보장해야 하는 공간이 집이다. 그렇기에 제대로 된 집이 있는 이들은 외출을 막아도 생활 자체가 불가능한 것은 아니다. 하지만 집이 없는 홈리스는 이러한 ‘생존’을 거리에 의지하여 해결해야 한다. 거리에 몸을 누이고, 무료급식을 찾아 끼니를 해결하고, 공중화장실을 이용해야 한다. 하지만 이 사회는 코로나19 방역과 민원을 핑계로 이들의 생존을 위해 필수적인 것들을 빼앗고 있다. 우선 이들이 ‘머물 자리’를 아무런 대안도 없이 빼앗기고 있다. 부산역은 대합실을 심야에 폐쇄하며 노숙인을 내쫓았고, 용산역과 서울역에서도 홈리스의 물건들을 무단으로 철거해버렸다. 수원의 노숙인 자활 시설에서는 택배 일을 하는 노숙인이 코로나19 전파 우려가 있다는 이유로 퇴거를 강요했고, 서울의 한 노숙인 시설에서는 감염 우려로 센터를 찾아온 노숙인을 거리로 돌려보냈다. 홈리스의 끼니를 지원하던 ‘무료급식’도 대부분 끊겼다. 구청에서는 방역을 이유로 종교단체에서 운영하는 급식소 폐쇄를 강요하였다. 민간급식소를 폐쇄하기보다는 오히려 방역을 지원해줬으면 어땠을까 하는 아쉬움이 남는다. 그나마 서울시에서 위탁 운영하여 방역 관리가 되는 서울역의 ‘따스한 채움터’는 열려 있는데, 사람들이 너무 몰려 그 또한 걱정이라고 한다. 그동안 노숙인 지원을 종교기관 등 민간에 과도하게 의지해왔던 공적 지원 체계의 한계가 코로나 시국에 여실히 드러나고 있다. 또 다른 문제는 ‘건강’이다. 노숙인들은 건강 악화로 일을 할 수 없게 되면서 노숙으로 내몰리기도 하지만, 노숙하는 과정에서 신체적·정신적 타격을 입으면서 건강이 더 악화되는 악순환에 빠지게 된다고 한다. 그렇기에 노숙인에게 의료지원은 매우 중요한데, 코로나19 방역 때문에 일주일에 한 번씩 노숙인들을 찾아와 약을 처방해주던 의료서비스도 끊겼다. 매년 봄과 가을에 꾸준히 진행되었던 결핵 검사도 코로나19가 발생한 이번 봄에는 없었다고 한다. 또한 노숙인 진료 시설로 지정된 국공립병원 등이 코로나19 대응을 위한 지정병원이 되면서 노숙인들의 건강권은 더욱 제한되고 있다. 코로나19 감염에 대한 불안은 노숙인들을 피해가지 않는다. 오히려 그들은 살아가기 위해 사회와 계속 접촉해야 하며 열악한 환경에서 집단생활을 하기에 코로나19 감염에 대한 더 큰 불안이 쌓인다. 그들은 코로나19 방역 및 예방도 사회에 의지할 수밖에 없다. 노숙인 이형찬씨는 “선거 때 지하철역에 사전투표소 설치하듯이 노숙인들이 많이 모이는 지역에 선별진료소를 설치해서 우리를 찾아와 달라. 좀 더 적극적으로 관리를 해달라”며 현 지원 방식에 대해 답답함을 호소했다. 마침 이 글을 쓰고 있는 동안 반가운 속보가 떴다. 서울시에서 무증상 시민을 대상으로 한 선제검사 범위를 확대하기로 하였고, 다행히 대상에 노숙인도 포함되었다. 7개 시립병원에서 매주 1000명씩 선정하여 검사할 계획이라고 밝혔는데, 이씨의 제안처럼 현장으로 찾아가는 선별검사소 설치를 고려해보는 것은 어떨까? 지금처럼 전염병이 퍼져나가는 상황에서 자신을 보호해줄 최소한의 집이 없는 이들은 사회가 더욱 나서서 보호해야 한다. 하지만 우리 사회는 이들을 제대로 보호하기는커녕 오히려 우리 사회의 잠재적 위협인 것처럼 더한 낙인을 찍고 이를 핑계 삼아 그나마 있던 그들의 자리를 뺏는다. 하지만 그들의 존재를 아무리 부정해도 그들이 정말로 사라지는 것은 아니다. 그들은 결국 우리 사회 안에 있고, 그들을 보호해야 하는 것은 우리 사회라는 사실도 변함이 없다. 집이 없는 이들에게는 우리 사회가 집이 되어주어야 한다. ■ 집이 없는 이들을 위한 집누군가 노숙을 하게 되는 사연은 사람마다 다 다르다. 가족과의 관계, 가난의 대물림, 건강과 장애, 고용과 주거의 불안 등 무엇이 먼저고 나중인지 구분도 할 수 없는 수많은 이유가 복잡하게 얽힌 결과, 노숙으로 이른다. 그리고 노숙이라는 변수가 다시 모든 것을 악화시키는 악순환의 시작점이 된다. 이 악순환의 고리를 끊어야만 그들이 다시 설 힘을 기를 수 있다. 이들에게 ‘자활’을 이야기하기 전에 ‘보호와 지원’이 더 우선시되어야 하는 이유다. 이런 이야기를 이어가다 보면 “지원해야 할 이들이 너무 많아서 안 된다. 나도 힘들어 죽겠다”고 이야기하는 이들이 분명 있을 것이다. 맞다. 우리 사회에 힘든 이들이 너무 많다. 모두가 죽도록 일하고 있는데 모두가 죽겠다고 하는 것은 분명 구조가 잘못되었다는 증거일 것이다. 첫 단추를 위에서 두 칸쯤 어긋나게 끼운 듯한 지금의 사회구조는 너무 많은 이들을 힘들게 한다. 가장 취약한 이들에게도 최소한의 생활이 보장되도록, 다시 첫 단추를 아래 끝단에서부터 제대로 맞춰 끼워 새롭게 시작하면 어떨까. 전 세계가 ‘포스트 코로나19’를 고민하는 지금이 어쩌면 사회의 구조를 바꿀 기회인지 모른다. ▶필자 이인규 둔촌주공아파트에서 태어나고 자랐다. 그곳에서의 좋았던 시간과 기억을 간직하기 위해 <안녕, 둔촌주공아파트> 프로젝트를 진행했고, 다큐멘터리 영화 <집의 시간들>을 공동기획했다. 그동안의 작업을 통해 집에 대한 고정관념에 ‘작은 균열’을 냈다는 것에 작은 의미를 느끼며, 이제는 비슷하게 ‘작은 균열’을 내는 이들을 찾아가 ‘당신에게 집은 어떤 의미인가요’라는 질문을 던지고 있다. 이인규▶ 장도리 | 그림마당 보기▶ 경향신문 바로가기▶ 경향신문 구독신청하기©경향신문(www.khan.co.kr), 무단전재 및 재배포 금지"
54,2020.06.30. 오전 5:06,車 개소세 30% 인하… 주민번호 지역표시 폐지… 전자서명 활성화,"하반기부터 달라지는 것들[서울신문]하반기 달라지는 것들[재정·조세·금융]연매출 8000만원 이하 개인사업자 부가세 감면●승용차 개별소비세 한시 인하 7월 1일부터 12월 31일까지 승용차를 구매할 때 부과되는 개별소비세가 5%에서 3.5%로 30% 인하된다. 이달까지 적용되던 ‘70% 인하’보다 혜택 폭이 줄지만 100만원 이내였던 감면 한도가 없어지면서 출고가 6700만원 이상인 차를 사면 기존보다 추가 인하 혜택을 받는다.●비상장 물납주식 우선매수제 도입 이르면 10월부터 중소기업 또는 중견기업(직전 3년 평균 매출액 3000억원 미만) 승계 상속인이 상속세를 납부할 때 현금 조달 여력이 부족해 비상장 주식을 납부하면 최대 5년간 해당 주식에 대해 우선매수권을 부여한다. 원활한 기업 승계를 뒷받침하기 위한 조치다.●소규모 개인사업자 부가가치세 감면 연 매출액 8000만원 이하 개인 일반과세자의 부가가치세 납부세액을 연말까지 간이과세자 수준으로 깎아 준다. 다만 유흥업과 부동산 임대·매매업은 제외된다. 지난 3월 23일부터 연말까지 매출분에 한해 한시적으로 적용된다. 간이과세자의 부가세 면제 기준도 연매출 3000만원 미만에서 4800만원 미만으로 상향 조정된다.●사업자등록증 발급 기한 단축 7월 1일 이후 사업자등록을 신청하면 발급 기한이 기존 3일에서 2일로 줄어든다. 다만 사업 현황 등을 확인하기 위해 관할 세무서장이 5일 이내에서 기한을 연장할 수 있다.●재외국민과 외국인의 부동산 등 양도신고확인서 제출 의무 신설 재외국민과 외국인이 토지·건물을 양도하고 그 소유권을 이전하기 위해 등기관서의 장에게 등기를 신청하는 경우 세무서장이 발급한 부동산 등 양도신고확인서를 제출해야 한다.●전자상거래 수출 전용 플랫폼 도입 이르면 9월 전자상거래 수출 특성이 반영된 전용 플랫폼이 생기고, 플랫폼을 통한 새로운 신고 서식 등이 수출통관 고시에 규정된다. 기업은 배송 내역을 수출 신고로 변환해 주는 플랫폼을 통해 수출 실적을 인정받고 자동 관세·부가세 환급 혜택을 받을 수 있다.●보이스피싱 피해 예방 강화 8월 20일부터 보이스피싱 등 범죄에 이용되는 대포통장 양도·대여 등에 대한 처벌이 최대 징역 3년, 벌금 2000만원에서 최대 징역 5년, 벌금 3000만원으로 강화된다.●금융 분야 빅데이터 분석·이용 8월 5일부터 개인을 알아볼 수 없도록 안전하게 조치한 가명정보를 통계 작성과 연구, 공익적 기록 보존 목적으로 동의 없이 활용할 수 있다. 다만 가명정보를 처리하면서 특정 개인을 알아볼 수 있도록 하면 과태료를 문다.[행정·안전·가족]집주인이 만료 2개월 전에 통보 안 하면 계약 연장●주민등록번호 뒷자리 지역표시번호 폐지 10월부터 주민등록번호를 새로 부여받거나 변경하는 경우 뒷자리 번호 7개 가운데 지역번호를 포함한 6자리를 임의번호로 채우게 된다. 개인정보 보호 강화와 지역 차별 우려를 해소하기 위한 것이다.●공인인증서 제도 폐지 12월 10일 개정 전자서명법이 시행되면 공인·사설 구분 없이 모든 전자서명에 동등하게 법적 효력이 부여된다. 공인인증서 독점 체제가 사라진다. 전자서명시장에서 자율 경쟁이 촉진되면서 다양한 인증 서비스가 활성화될 전망이다.●임대차계약 갱신 거절 통지 기한 계약 종료 두 달 전 12월 10일부터 임대인과 임차인은 임대차계약을 갱신하기를 원하지 않는 경우 기존 계약 만료 6개월 전부터 ‘1개월 전’이 아니라 ‘2개월 전’까지 상대방에게 갱신 거절 통지를 해야 한다. 세입자 입장에선 두 달 전에 집주인으로부터 계약 해지나 임대료 인상 등 통보를 받지 않으면 임대차계약이 그대로 갱신되는 것이다.●어린이시설에 사고 응급조치 의무화 11월 27일부터 어린이집이나 유치원 등의 시설관리 주체와 종사자는 어린이에게 위급 상황이 발생하면 즉시 응급의료기관에 신고·이송 조치를 해야 한다. 이를 위반하면 300만원 이하의 과태료를 부과할 수 있다.●어린이 통학버스 운영 대상 확대 11월 27일부터 어린이 통학버스 운영 대상 시설이 현행 6종에서 18종으로 확대된다. 사설 축구클럽 등 체육교습업 시설과 아동·장애인 복지시설 등이 포함된다. 어린이 통학버스 운영자는 운행 때 좌석 안전띠 착용과 보호자 동승 등을 확인해 기록하고 이를 분기마다 감독기관에 제출해야 한다.●성범죄자 신상정보 모바일 전자고지 성범죄자가 사는 읍면동에서 19세 미만 아동·청소년을 보호하는 가구주는 성범죄자 신상정보가 담긴 전자고지서를 스마트폰으로 받아 확인할 수 있다.●전자보석 제도 시행 8월 5일부터 몸에 전자장치를 부착하는 조건으로 피고인을 보석으로 석방하는 ‘전자보석 제도’가 시행된다. 불구속 재판을 확대해 피고인의 방어권을 보장하자는 취지다.●13세 미만 아동 성추행 범죄 공소시효 폐지 11월 20일부터 13세 미만 아동과 성관계를 하거나 성추행하는 범죄에 대해서는 공소시효가 폐지된다. 또 성범죄자 신상정보 공개·고지 대상이 기존의 아동·청소년 대상 ‘성폭력 범죄’를 저지른 사람에서 ‘성범죄’를 저지른 자로 확대된다.[보건·복지·고용]눈·흉부 초음파도 건보… 산모 건강관리 지원 확대●건강보험 적용 확대 건강보험 보장성 강화 대책에 따라 하반기에는 눈과 흉부(유방) 초음파 검사에도 건강보험이 적용된다. 기존에는 상복부와 하복부, 남성 생식기, 자궁·난소 질환 초음파 검사 등에 건강보험이 적용됐다.●산모·신생아 건강관리 서비스 지원 대상 확대 7월부터 출산가정에 건강관리사가 방문해 산모의 건강관리와 신생아의 양육을 지원하는 산모·신생아 건강관리 서비스 지원 대상이 늘어난다. 기존에는 산모 가구의 건강보험료 본인부담금 합산액이 기준 중위소득 100% 이하이면 대상자가 됐으나 이젠 120% 이하면 지원을 받는다.●E형 간염 제2급 감염병 지정 7월부터 E형 간염이 제2급 감염병으로 지정돼 정부가 관리한다. 의료기관 등은 E형 간염 환자 발생 때 24시간 내 신고해야 하고 방역당국은 신고 후 지체없이 역학조사를 해야 한다.●인플루엔자 4가 백신 전환·접종 대상 확대 하반기부터 인플루엔자 국가예방접종 지원사업에는 3가 백신 대신 4가 백신이 쓰인다. 또 접종 대상도 늘어나 만 13세(중학교 1학년)도 무료로 접종받을 수 있다. 무료접종 대상자는 지난해까지 만 65세 이상 어르신, 임신부, 생후 6개월∼12세 어린이였다.●방문판매원 등 산재보험 적용 7월부터 5개 직종 특수고용직(특고) 종사자에게도 산재보험이 적용된다. 대상은 방문판매원, 방문강사, 대여제품 방문점검원, 가전제품 설치기사, 화물차주 등이다. 또 근로자 생활안정자금 융자 한도가 1인당 2000만원에서 3000만원으로 인상된다. 12월 10일부터 고용보험 사각지대에 있던 예술인도 고용보험 가입 대상에 포함된다.●출퇴근 재해 적용시점 소급 적용 산재보험법이 소급 적용돼 2016년 9월 29일 이후 출근 중 사고를 당한 사람도 산재 보상을 받을 수 있다. 그동안 2018년 1월 1일 이전에 사고를 당한 사람은 보상을 받을 수 없었다.●현장실습생 안전보호 특례규정 제정 10월 1일부터 현장실습생의 안전을 보호하는 특례규정이 시행된다. 사업주는 실습생에 대해 안전·보건 조치를 해야 한다.[산업·환경·교통]가스보일러 설치 때 일산화탄소 경보기 의무화●가스보일러 설치 때 일산화탄소 경보기 의무 설치 8월 5일부터 가스보일러(도시가스, LP가스)를 새로 설치하는 숙박시설, 일반주택 등은 가스보일러 구매 때 함께 산 일산화탄소 경보기를 설치해야 한다.●석유판매업자 휴·폐업 신고 정보 공유 휴·폐업 주유소의 시설물 방치로 인한 토양 오염 등을 방지하기 위해 8월 5일부터 시도지사 또는 시장·군수·구청장은 석유판매업자 휴·폐업 신고를 받으면 그 내용을 산업통상자원부 장관, 환경부 장관, 소방청장에게 통보해야 한다.●전동킥보드 등 자전거도로 통행 허용 12월 10일부터는 전동킥보드 등 개인형 이동장치를 타고 자전거 도로를 달릴 수 있다. 또 만 13세 이상이면 별도 운전면허 없이 전동 킥보드 등을 운전할 수 있다. 개인형 이동장치는 원동기 장치 자전거 중 최고속도가 시속 25㎞ 미만, 총중량 30㎏ 미만인 것으로 규정한다.●초과속 운전 때 형사처벌 12월 10일부터 도로 제한속도를 시속 80㎞ 이상 초과해 운전하는 초과속 운전에 대한 처벌이 강화된다. 제한속도를 시속 80㎞ 이상 초과하면 30만원 이하, 시속 100㎞를 초과하면 100만원 이하의 벌금이 부과된다. 또 3차례 이상 제한속도를 시속 100㎞ 초과해 운전하다가 적발되면 1년 이하의 징역이나 500만원 이하의 벌금형에 처해진다.●운행차 배출가스 정밀검사 대상 지역 확대 세종·충북·충남·전북·전남·부산·대구·경북·경남 지역에 등록된 특정 경유 자동차(대기오염물질 배출등급 5등급) 소유자는 7월 3일부터 배출가스 정밀검사를 받아야 한다. 이 외 자동차 소유자는 7월 3일 이후 각 시도 조례에 따라 배출가스 정밀검사를 받아야 한다.●예·특보 체계 개편 국민이 체감할 수 있는 상세한 예보 제공과 위험 기상에 따른 피해를 예방하기 위해 초단기 예보는 60분에서 10분, 단기 예보는 3시간에서 1시간 간격으로 각각 단축해 서비스한다. 또 올여름부터 폭염특보 발표 기준을 체감온도로 변경하고 서울시의 특보 구역을 4개 권역으로 세분화한다.[국방·병무]주민 청구로 軍소음 피해 보상… 대체 복무제 시행●군소음보상법 시행 11월 27일부터 군용비행장·군사격장 소음대책지역에 주소지를 둔 주민이 청구만으로도 소음 피해에 대한 보상을 1년 단위로 받을 수 있는 군소음 보상법이 시행된다. 소음대책지역은 군용비행장 42곳, 군사격장 61곳을 시작으로 2021년까지 소음 영향도 조사를 거친 뒤 지정 고시된다. 실제 지급은 2022년부터 이뤄진다.●대체역 편입 신청 시행 6월 30일부터 양심적 병역거부자의 대체복무(대체역 편입) 접수를 시작으로 대체복무 제도가 시행된다. 대체역 심사위원회의 심의·의결을 거쳐 편입이 결정된 사람은 10월 이후부터 대체복무요원으로 소집, 법무부 교정시설에서 36개월 동안 합숙 복무를 한다. 복무를 마친 후 8년차까지 교정시설에서 예비군 대체복무를 한다.●입영신청 동시에 입영일자·부대 안내 7월부터 입영 신청과 동시에 이듬해 입영 일자·부대를 알 수 있도록 현역병 입영 신청 제도가 개선된다. 입영 예정자들은 최소 6개월 전에 미리 입영 일자와 부대를 알 수 있다.●군인과 이혼한 배우자에 연금 분할 군인과 이혼한 배우자에게도 퇴역연금액을 균등분할해 지급하는 분할연금 제도가 시행된다. 군 재직 중 실질 혼인 기간이 5년 이상이고 전 배우자가 군인 퇴역연금 수급권자로, 이달 11일 이후 이혼한 사례부터 적용된다.●군인 등 전역 6개월 전부터 유공자 신청 가능 9월 25일부터 현역 군인·경찰·소방관, 공무원이 직무수행 중 다친 경우 전역(퇴직) 6개월 전부터 국가유공자 등록 신청을 할 수 있다.[농식품·관광]재사용 화환 표시… 청소년수련원에 일반인 숙박●재사용 화환 표시제 도입 생화를 재사용한 화환을 판매하거나 판매할 목적으로 제작 또는 보관·진열하는 사람이나 업체는 8월 21일부터 해당 화환이 재사용 화환임을 표시해야 한다. 소비자·유통업자 등에게도 이를 고지해야 한다.●친환경 축산물 인증 단일화 친환경농어업법상의 친환경 축산물 인증을 유기·무항생제 축산물에서 유기 축산물 인증으로 단일화한다. 이에 따라 8월 28일부터 ‘친환경’이라는 용어는 유기 축산물에만 사용이 가능하고, 무항생제 축산물에는 사용할 수 없다. 친환경 인증 범위는 ‘무농약 원료 가공식품’과 ‘유기원료 함량 70%’로 확대된다.●농지 임대차 허용 범위 확대 및 임대 기간 연장 고령화된 농촌 여건을 고려해 8월 12일부터 60세 이상 농업인이 5년 이상 자경한 농지는 농업인의 은퇴 여부와 관계없이 임대가 가능해진다.●어선 승선자 구명조끼 착용 의무화 8월 28일부터 기상특보나 예비특보가 발효되는 경우 어선에 승선한 사람은 모두 구명조끼를 착용해야 한다.●대기업 양식업 진입 제한 완화 대기업도 8월 28일부터 일부 양식 품목에 진입할 수 있다. 대규모 자본이나 최신 기술이 요구되는 양식 품목은 영세 어업인에게 어렵다는 점을 보완한 것이다.●항만 내 위험구역 출입 통제 낚시꾼이나 관광객의 실족 사고가 빈번한 테트라포드 등 항만 내 위험구역에 대해 7월 30일부터 출입이 통제된다.●청소년수련원 일반인 개별 숙박 11월 20일부터 청소년수련원에서 단체뿐 아니라 개인과 가족 단위 국민도 숙박할 수 있다. 다만 청소년 활동에 지장을 주지 않기 위해 수련원별로 연간 이용 가능 인원의 40% 이내로 제한된다.▶ 네이버에서 서울신문 구독하기 클릭! ▶ 세상에 이런 일이 ▶ [연예계 뒷얘기] 클릭!ⓒ 서울신문(www.seoul.co.kr), 무단전재 및 재배포금지		"
56,2020.06.28. 오전 5:51,[블록체인 오딧세이]'스마트폰에 쏙'…디지털 신분증 시장 경쟁 후끈,"블록체인 기반 모바일 공무원증, 운전면허증 상용화[서울=뉴시스]이통3사와 경찰청은 ‘패스(PASS)’ 인증 앱을 이용해 온·오프라인에서 자신의 운전 자격 및 신분을 증명하는 ‘패스 모바일운전 면허확인서비스’를 선보인다고 23일 밝혔다. (사진=SK텔레콤 제공) 2020.06.23. photo@newsis.com[서울=뉴시스] 이재은 기자 = 블록체인과 모바일 기술을 이용한 디지털 신분증 도입이 본격화됐다.28일 업계에 따르면 삼성SDS, LG CNS, 이동통신 3사 등 대형 IT 기업들이 블록체인·가상자산 시장 공략에 속도를 내고 있다. 코로나19로 인해 비대면 서비스에 대한 중요성이 커지면서 모바일 신분증에 대한 수요도 더욱 높아지고 있다.이에 업계는 블록체인 기술을 기반으로 신원을 증명하는 분산 신원증명(DID) 등 자체 서비스를 개발하며 정부 시범사업와 서비스 상용화에 집중하고 있다.DID는 블록체인 기술로 개인 신원을 증명하는 새로운 기술이다. 한번의 신원인증으로 다양한 기관의 서비스를 추가인증 없이 이용할 수 있다.삼성SDS는 부산 블록체인 규제자유특구 2차 민간사업자에 도전한 데 이어 행정안전부가 추진한 블록체인 기반 모바일 공무원증 사업자로 선정됐다.행정안전부는 기존 플라스틱 공무원증을 블록체인 기반 모바일 공무원증으로 바꾸기로 하고, 연말까지 시스템 구축에 나선다. 모바일앱 형태의 DID신분증을 정부청사 출입이나 업무시스템 로그인에 쓰도록 해 모바일·원격업무 환경에 맞는 인증체계를 도입한다 아이티센과 삼성SDS가 연합해, LG CNS·라온시큐어와 경쟁한 끝에 프로젝트를 수주했다. 아이티센이 주사업자로 사업을 총괄하고, 삼성SDS는 자체 개발한 기업용 블록체인 플랫폼인 '넥스레저'를 적용해 함께 사업을 수행한다. 정부는 공무원증에 이어 장애인증, 운전면허증 등 나머지 신분증도 같은 방식으로 바꿔나갈 계획이다.LG CNS도 지난달 DID 기술 전문 업체인 캐나다 ‘에버님'과 DID 글로벌 표준 구축을 위한 업무협약을 체결했다. 앞으로 국제운전면허, 여권 등을 대체할 새로운 인증 체계를 블록체인 기술로 구현해 나갈 예정이다.또한 블록체인 기반의 DID 솔루션과 사업모델 개발에도 적극 협력한다. 예를 들어 각종 제품에 DID를 부여하면 모든 물류와 수리 이력을 손쉽게 확인하는 등 다양한 분야에서 활용이 가능하다. 우선 LG그룹의 다양한 사업을 바탕으로 혁신적인 비즈니스 모델을 발굴해 나갈 예정이다. 앞으로 실물 운전면허증이 없어도 스마트폰으로 운전 자격이나 신원 확인도 가능해진다.SK텔레콤, KT, LG유플러스 등 이동통신 3사와 경찰청은 24일부터 국내 최초로 인증 앱 패스를 활용해 운전자격과 신분을 증명하는 ‘패스 모바일운전면허 확인서비스’를 상용화했다. 패스 모바일운전면허 확인서비스는 국내 최초로 디지털 공인 신분증을 상용화한 사례로, 이통3사는 지난해 9월 과학기술정보통신부의 ICT 규제샌드박스를 통해 임시 허가를 획득한 바 있다.생년월일 등 개인정보가 담겨 있어 편의점에서 술 담배 등을 살 때 미성년자 확인을 위한 신분증으로도 활용된다. 다음달부터는 전국 27개 운전면허시험장에서도 운전면허증처럼 사용할 수 있다.특히 블록체인 기술을 활용, 패스 서비스와 경찰청 운전면허 시스템을 연동해 경찰청과 도로교통공단에 등록된 실제 면허증 사진이 앱에 등록되도록 함으로써 타인의 사진이나 정보로 면허증을 위·변조하려는 시도 또한 효율적으로 차단할 수 있다.이통업계 관계자는 ""이번에 국내에서 세계 최초로 전국 단위 디지털 운전면허 확인 서비스를 제공하게 됐다”며 “향후 활용분야를 지속 확대해 것”이라고 말했다.☞공감언론 뉴시스 lje@newsis.com▶ 네이버에서 뉴시스 구독하기▶ K-Artprice, 유명 미술작품 가격 공개▶ 뉴시스 빅데이터 MSI 주가시세표 바로가기<ⓒ 공감언론 뉴시스통신사. 무단전재-재배포 금지>		"
58,2020.06.16. 오후 4:08,스쿨존 돌진 승용차에 치인 6세 결국 숨져 外," 오후& 뉴스입니다.   1. 부산 해운대구에서 발생한 어린이보호구역 교통사고로 다친 6살 어린이가 결국 숨졌습니다. 이 어린이는 어제 오후 3시 30분쯤 어린이보호구역 보행로를 걷는 중에 난간을 뚫고 돌진한 승용차에 들이받혀 병원으로 옮겨졌습니다. 사고 승용차는 불법 좌회전을 하던 SUV와 들이받고 중심을 잃고 인도로 돌진했습니다.  2. 코로나19 자가격리 조치를 어기고 주거지를 무단 이탈한 혐의로 구속된 60대 남성이 1심에서 징역 4월, 집행유예 1년을 선고받았습니다. 이 남성은 지난 4월 미국에서 입국한 뒤 자가격리 기간 사우나와 음식점 등을 방문했다가 긴급체포됐습니다.  3. 국내 증시가 장중 4% 이상 급반등하면서 오늘 오전 코스피와 코스닥 시장에 차례로 사이드카가 발동됐습니다. 사이드카는 프로그램매매 매수나 매도 호가 효력을 5분간 정지시키는 조치입니다.  4. 문재인 정부 21번 째 부동산 대책이 이르면 내일 발표됩니다. 수도권 대부분 지역을 조정대상지역으로 지정하는 등 규제지역을 확대하고, 법인 부동산 투자에 대한 세금을 강화하는 내용 등이 담길 것으로 보입니다.  60초 뒤에 돌아옵니다.▶ '채널A' LIVE 무료 보기▶ 네이버에서 '채널A' 구독하기▶[기사 보기][세상터치]코로나 막는 아이디어 경쟁 / 입는 로봇, 장애인 희망으로!꿈을 담는 캔버스 채널A  ⓒCHANNEL A(www.ichannela.com), 무단 전재 및 재배포 금지		"
